16 111 3077
000000000000000
000000000000000
000000000000000
000000110000000
000000110000000
000000110000000
000000110000000
000000110000000
000010110000000
001000110000000
001000110000000
001000110000000
000000110000000
000000010000000
000000010000000
000000000000000
0000000000000000
0000000000000000
0000001111111111
0000000000000000
0000000000000000
0000000000000000
0000000000000000
0000000000000000
1111110000000000
0000000000000111
1100000000000000
0000000000000000
0000000000000000
0000000000000000
0000000000000000
14 9
5 5
15 1
11 9
5 4
11 4
0 7
8 2
7 10
14 0
11 12
13 13
3 14
7 4
13 2
6 2
9 10
4 11
5 8
7 8
9 7
3 11
15 10
9 1
5 9
4 6
9 5
10 12
4 10
4 2
10 6
3 1
1 15
7 6
1 8
10 13
6 9
3 12
6 14
13 5
1 14
2 13
14 10
5 10
12 13
2 3
7 7
14 6
13 8
7 11
8 4
15 7
14 13
0 10
1 12
4 0
12 6
15 3
1 5
3 10
8 13
4 9
4 7
10 3
0 4
12 14
2 6
14 5
14 3
4 1
2 7
7 12
5 1
9 2
6 12
5 15
7 9
6 0
6 15
15 6
15 5
0 3
2 15
3 8
13 11
2 12
6 1
11 10
13 4
15 11
11 0
8 10
12 7
7 1
10 7
15 12
12 15
3 3
2 8
12 12
8 14
13 3
11 15
8 15
1 3
7 2
9 3
6 8
5 11
13 14
3 9
