10 74 1335
000000000
000000000
100000000
100000010
100000010
100000010
100000000
000000000
000000000
000000000
0000000000
1111110000
0000001111
0111100000
0000000000
0111110000
0000000000
0000000000
0000000000
7 9
8 2
8 0
1 4
2 6
8 8
2 2
9 8
0 2
5 8
1 5
1 8
3 5
7 3
4 7
0 6
8 4
4 4
6 1
2 9
7 6
2 0
0 4
0 7
8 3
6 2
0 3
1 1
0 8
7 7
6 4
9 3
3 6
5 9
0 0
1 0
3 4
1 7
3 7
3 0
2 7
5 5
7 2
6 8
9 5
3 8
2 4
9 7
4 0
6 6
3 1
8 7
7 5
2 5
5 0
3 3
4 8
5 2
8 5
9 1
0 1
4 6
5 1
9 2
7 1
1 3
8 9
3 2
1 6
8 6
5 4
4 5
4 2
2 8
