15 98 1692
01000000100000
01000000100000
00000000100000
00000000100000
00000000100000
00000000100000
00000000100000
00000000100000
00000000100000
00000000100000
00000000100000
00000000100000
00000000100000
00000000000000
00000000000000
000000000000000
000000000000000
000000000000000
000000000000000
000000000000000
000000000000000
000000000000000
000000000000000
111110000000000
000000000000000
000000000000000
000000000000000
000000000000000
000000000000000
8 1
14 8
11 3
12 6
9 10
10 3
13 10
2 8
6 8
0 11
14 1
0 7
9 2
4 2
1 8
12 14
1 2
3 2
3 7
7 7
10 13
6 14
3 11
6 12
9 8
14 9
5 1
8 6
14 7
3 5
9 9
10 10
8 13
12 2
3 8
7 10
13 1
9 6
14 2
13 0
4 4
10 2
4 10
4 1
8 12
5 8
11 13
4 8
14 10
1 14
1 10
14 5
8 11
8 7
10 12
7 12
0 8
4 3
1 11
6 9
1 1
2 6
4 14
13 12
14 13
6 10
5 14
0 2
13 9
2 5
7 8
14 6
2 14
3 14
0 0
12 11
10 7
3 4
11 4
13 13
1 7
13 14
12 9
2 3
10 14
12 5
12 0
5 5
8 9
7 13
0 10
4 0
2 13
3 9
0 13
13 5
13 3
5 6
