16 247 4856
000000100000000
000000100000000
000000100000000
000001100000000
000001100000000
000001100000000
000001100000000
000001100000000
000001100000000
000001100000000
000001100000010
000001100000010
000001100000010
000001100000010
000000000100010
000000010100010
0000000000000000
0000000000000000
0000000110000000
0000000000000000
0000000000000000
0000000000000000
0000000000000000
0000000000000000
0000000000000000
0000000000000000
0000000000000000
0000000000000000
0000000000000000
0000111000000000
1100000000100000
5 3
7 10
5 14
4 1
0 13
1 14
10 6
1 15
15 12
12 0
13 10
6 7
7 15
9 15
10 11
14 5
0 4
1 0
5 15
9 13
5 4
6 12
7 11
8 7
3 0
10 9
1 11
4 12
14 4
3 7
6 13
4 8
1 10
3 4
12 9
9 7
5 1
3 3
15 3
2 5
13 3
1 4
0 1
3 13
2 6
2 11
5 11
12 6
5 13
0 8
8 11
5 5
1 6
11 13
6 10
0 14
2 0
6 14
2 10
13 12
6 9
2 13
13 15
9 12
15 14
8 15
4 6
3 9
1 13
1 2
11 11
13 4
15 10
12 11
12 1
7 6
15 2
5 7
12 10
12 12
12 8
6 3
8 8
13 9
0 7
3 1
2 2
13 2
8 3
10 12
7 0
2 7
11 0
15 5
4 3
4 15
2 3
3 11
8 6
13 5
15 6
9 14
3 6
13 14
14 15
12 5
12 7
9 4
3 2
7 4
0 9
8 13
11 8
0 12
9 8
2 14
11 10
0 6
10 15
8 12
5 9
7 1
14 1
10 4
9 5
12 3
5 2
14 3
13 0
10 10
6 1
4 2
2 8
9 1
2 15
3 5
8 9
4 11
10 14
0 2
4 14
9 9
8 1
14 6
7 7
7 13
3 8
2 1
1 1
11 3
10 2
12 14
6 6
6 5
4 5
13 11
7 9
9 11
0 3
15 11
10 13
8 4
2 9
12 2
6 4
4 0
5 8
14 7
0 5
11 12
14 0
11 4
9 2
6 2
0 11
15 9
2 4
2 12
10 1
7 8
15 1
15 8
14 9
14 13
4 9
10 8
7 5
11 6
5 12
4 7
9 3
11 9
6 11
5 6
12 15
1 3
6 8
14 11
8 5
11 1
15 13
6 15
4 10
10 5
7 14
8 10
7 3
3 14
0 10
14 14
7 2
1 5
1 7
12 13
9 6
15 7
0 15
10 0
1 8
14 8
6 0
5 0
13 13
14 12
11 5
8 0
12 4
14 10
15 15
4 4
7 12
10 3
3 12
13 1
14 2
8 2
11 15
11 2
4 13
3 10
15 0
3 15
15 4
11 14
0 0
9 0
11 7
