16 101 2023
000000000000000
000000000000000
000000000000000
000000000000000
000000000000000
000000000000000
000000000000000
000000001100000
000000001100000
000000001100000
000000001100000
000000001100000
000000001100000
000000001100000
000000001100000
000000001100000
0111111111111111
0000000000000000
0000000000000000
0000000000000000
0000000000000000
0000000000000000
0000000000000000
0000000000000000
0000000000000000
0000000000000000
0000000000000000
0000000000000000
0000000000000000
0000000000000000
0000000000000000
4 4
10 4
15 12
2 8
0 8
11 0
11 15
5 5
12 5
14 1
7 5
11 5
6 0
4 2
1 1
13 13
14 4
11 9
0 6
6 11
2 10
4 8
6 7
0 7
7 9
3 11
11 1
10 15
13 4
12 3
15 11
5 0
13 1
12 7
14 11
3 2
4 12
0 13
5 9
12 15
13 0
6 9
0 3
5 10
11 4
5 4
7 12
7 11
1 3
2 7
1 10
10 11
6 3
15 5
2 14
1 8
1 2
12 4
10 5
15 15
13 3
1 12
9 1
8 14
11 13
4 9
11 3
10 13
14 13
1 11
13 15
5 3
3 9
7 4
13 9
3 15
7 2
14 2
5 15
8 9
4 13
9 8
6 6
7 13
9 4
4 5
1 6
9 0
3 14
12 9
8 10
1 0
12 0
14 0
4 6
3 1
13 2
3 5
5 11
8 11
7 3
