13 99 1642
010000000000
010000001000
010001001000
010001001000
010001001100
010001001100
000001001100
100000001100
100000001100
100000001100
100000001110
100000001110
110000001110
0000000000000
0011111000000
0000000000111
0000000000000
0000000000000
0000000010000
0000000000000
0000000000000
0000000000000
0000001110000
0000000000000
0001111110000
6 2
2 4
2 10
7 9
6 0
2 1
9 1
12 10
1 2
12 5
0 7
5 6
8 5
9 12
5 11
7 0
1 12
3 4
9 2
2 0
4 8
3 11
9 10
6 5
2 3
3 3
10 3
7 2
11 3
12 8
8 7
6 3
9 11
12 0
7 1
10 12
10 2
10 10
4 4
6 8
12 12
1 3
3 7
5 10
6 4
0 8
10 9
3 5
11 2
5 4
8 10
8 11
9 8
4 3
0 0
0 5
5 0
9 5
8 4
5 2
5 3
3 8
12 3
4 12
8 8
9 6
1 4
7 5
0 11
11 4
10 4
5 5
2 6
0 6
6 6
6 1
3 1
12 4
0 2
0 9
4 9
12 6
0 1
9 0
9 7
2 7
8 1
4 1
10 5
3 10
11 10
8 3
4 7
11 6
7 8
11 0
8 6
10 7
2 11
