10 100 990
000000000
000000000
000000000
000000000
000000000
000000000
000000000
000010000
000010000
000010000
0000000000
0000000000
0000000000
0000000000
0000000000
0000000000
0000000011
0000000000
0000000000
7 1
0 2
7 2
3 9
1 5
9 9
6 2
0 4
9 0
6 3
9 5
2 4
5 9
4 2
0 1
6 0
2 8
5 6
0 9
2 1
8 9
4 7
2 3
3 3
2 5
2 0
2 9
4 3
0 8
3 8
5 0
7 0
8 6
2 6
4 6
5 7
8 5
3 4
9 1
8 7
6 6
5 2
0 7
6 7
3 0
7 5
1 7
9 8
9 7
4 8
8 8
8 2
6 1
6 5
0 0
6 9
0 6
1 1
4 0
4 9
4 4
8 3
9 3
3 2
0 3
1 9
5 8
4 5
5 3
7 4
1 4
1 6
9 6
7 9
4 1
2 7
7 6
3 1
5 4
7 7
2 2
1 8
6 4
1 0
7 3
7 8
9 4
3 5
1 2
8 1
3 6
1 3
5 1
3 7
9 2
0 5
5 5
8 4
8 0
6 8
