20 302 18748
1000000000100000001
1000000000100000001
1000000000100000001
0000000000000000001
0000000000000001001
0000000000000001000
0000000000000001000
0000000000000001000
0000000100000001000
0000000100000000000
0000000010000000000
0001001000000000000
1000000000000000000
1000000000000000000
1000000000000000000
1000000000000000000
1000000000000000000
1000000010000010000
0000000010000010000
0000000000000000000
00000000000000000000
00000000000000000000
00000000000000000000
00000000000000000000
00000000000000000000
00000000000000000000
00000000000000000000
00000000000000000000
00000000011111111111
11111111111111111110
00000000000000000000
11111111111111110000
00000000000000000000
00111111111111111111
00000000000000000000
00000000001111111111
00000000001111100000
00000000000000000000
00000011111111111111
13 5
19 13
0 18
13 18
13 12
16 7
2 15
2 12
2 6
8 19
7 15
11 14
12 5
15 17
19 1
11 6
0 14
9 5
5 0
3 13
5 14
17 12
0 17
1 18
10 6
8 10
8 0
7 5
13 3
2 1
14 10
9 7
11 16
8 8
16 6
1 1
19 4
6 5
9 6
9 16
19 11
4 9
3 9
6 8
1 17
0 16
11 15
7 14
4 7
18 5
16 12
10 0
6 2
15 7
16 3
11 3
0 11
8 1
3 15
4 19
16 5
9 9
9 2
14 13
19 16
5 11
7 16
7 9
2 19
10 4
15 15
17 4
5 13
1 4
6 6
3 8
17 2
2 11
16 11
17 3
5 3
14 6
11 5
8 16
17 16
11 10
15 8
0 2
11 11
8 5
15 2
5 9
18 14
6 13
13 10
15 16
1 16
16 4
19 9
10 10
3 0
1 6
4 5
15 19
13 19
8 18
11 17
11 18
19 5
4 1
14 14
13 11
12 10
19 14
4 16
17 15
2 10
17 10
15 9
18 1
4 4
8 12
2 7
18 17
13 14
0 12
5 16
7 3
7 11
13 16
1 5
18 3
2 5
16 8
19 7
14 1
4 13
10 8
17 1
7 18
1 9
16 1
15 14
6 1
17 17
18 16
1 15
17 5
18 8
12 6
4 8
1 3
16 15
3 14
12 8
10 14
2 18
8 13
14 3
10 2
3 6
3 19
7 19
1 14
4 6
9 11
9 14
11 0
11 19
10 13
12 1
12 3
19 0
19 2
15 5
9 18
12 9
9 0
9 13
14 8
14 0
5 8
19 17
0 7
8 3
18 18
0 8
12 19
3 5
7 0
18 6
12 14
1 13
18 12
2 9
7 1
3 7
15 1
17 0
16 10
10 7
18 2
1 19
19 6
1 12
1 10
13 13
3 2
9 3
5 17
8 6
19 18
17 13
10 17
4 14
4 15
12 15
8 15
12 0
4 11
12 7
6 19
13 1
5 7
12 4
13 9
17 9
12 13
10 15
6 7
11 7
6 17
18 9
11 9
7 8
5 19
13 6
10 5
1 8
3 3
7 2
15 18
14 2
3 10
1 0
12 2
18 11
0 15
15 6
2 8
14 11
17 8
13 7
4 2
11 2
9 4
7 10
8 2
19 3
14 18
16 16
15 0
17 19
3 17
16 19
9 19
0 1
15 11
5 2
13 15
14 12
6 14
13 17
13 2
12 18
7 4
0 4
7 17
4 12
10 11
16 2
9 15
14 7
8 4
5 15
5 12
10 16
12 17
10 12
9 12
5 1
16 0
0 0
2 13
4 10
18 7
0 13
15 12
4 18
17 11
8 17
16 14
