14 122 1185
0000000000000
0000000000000
0000000000000
0000000000000
0000000000000
0000000000000
0000000000000
0000000000000
0000000000000
0000000000000
0000000000000
0000000000000
0000000000000
0000000000000
00000000000000
00000000000000
10000000000000
00000000000000
00000000000000
11100000000000
00000000000000
00000000000000
00000000000000
00000000000000
00000000000000
00000000000000
00000000000000
0 9
0 7
9 4
4 7
12 11
9 9
6 10
2 0
5 8
12 7
1 7
8 8
1 5
7 13
9 5
4 9
3 11
4 11
12 9
3 7
2 13
2 11
9 3
2 12
1 13
0 6
0 12
1 12
0 1
0 4
3 2
13 2
9 0
1 3
7 2
10 6
4 12
11 1
12 1
7 6
9 2
3 6
11 6
13 11
10 4
5 11
8 6
11 8
7 7
1 9
1 10
11 0
1 8
5 12
2 6
11 3
6 7
12 13
6 6
13 0
1 2
7 3
10 12
8 7
0 0
2 10
7 10
8 0
5 2
0 3
4 8
10 1
2 8
10 3
3 13
12 0
11 11
5 13
9 10
8 5
7 12
3 0
11 5
12 12
8 11
5 7
5 1
13 6
13 9
13 8
9 12
11 7
6 1
6 11
9 11
7 5
4 4
10 5
9 6
10 11
4 1
5 10
2 7
10 10
6 13
8 12
9 13
0 13
8 13
8 1
9 7
4 3
7 9
1 1
13 3
1 4
4 13
3 5
5 6
7 11
9 1
5 3
