15 56 1463
00000010100000
00000010100000
00000010100000
00000010100000
00100010100000
00100010000000
00100010001000
00100010001000
00100010000000
00100011000000
00100011000000
00100011000000
00000011000000
00000001000000
00000001000000
000000000000000
000000000000000
000000000000000
000000000000000
000000000000000
000000001111111
000000000000000
000000000000000
000100000000000
000000000111111
000000000000001
011111100000000
000001100000000
000000110000000
14 7
8 13
13 8
7 11
0 0
1 11
12 10
9 13
3 10
7 5
10 1
11 0
1 3
0 7
13 12
12 13
13 14
2 10
4 0
6 8
10 2
2 5
5 0
3 14
3 4
5 4
10 4
4 4
4 9
10 10
12 2
5 13
0 6
5 1
8 9
11 14
4 10
2 6
12 1
7 4
7 10
3 5
0 9
9 5
10 9
0 8
7 6
5 12
1 14
4 7
3 2
10 8
5 2
7 2
14 14
0 10
