16 160 4763
000000000001000
000100000001000
000100000001000
000100000011000
000100000011000
000100000011000
000100100011000
000100100011000
000100100011000
000100100011000
000100100000000
100001100000000
100001100000000
000001100000000
000000100000000
000000100000000
0000000000000000
0000111111000000
0000000000000000
0000000000000000
0000000000000000
0000000000000000
0000000000000000
0000000000000000
0000000000000000
0000110001110000
1111110000000000
0000000000000000
0000000000000000
0000000000000000
0000000000000000
9 13
3 2
5 10
13 10
0 0
12 7
11 5
9 12
4 15
4 7
2 12
14 4
15 1
3 10
15 8
11 4
14 12
11 12
7 3
10 2
1 1
4 14
6 5
15 7
9 5
8 15
12 2
2 7
13 8
10 12
12 12
10 3
13 11
14 1
4 3
6 0
3 8
15 3
9 11
8 3
8 6
2 0
0 5
3 11
11 13
14 0
2 6
9 2
13 9
0 13
4 4
8 7
12 13
3 7
0 4
4 6
8 1
13 13
3 9
6 11
9 0
8 12
3 14
5 15
8 10
10 10
7 15
8 8
3 6
11 10
2 3
10 8
11 3
5 9
9 6
6 15
7 8
5 5
4 9
10 11
8 14
14 2
12 4
0 9
6 3
9 10
12 11
2 11
2 2
13 5
15 9
12 0
5 11
2 14
7 7
8 13
15 12
1 4
7 14
15 10
7 1
6 6
1 5
1 15
2 15
4 1
13 6
7 13
14 14
5 12
7 12
12 5
0 14
6 7
1 13
5 0
9 4
13 4
6 1
8 11
13 3
4 5
7 5
12 14
1 12
10 1
12 6
2 5
9 3
1 8
8 4
11 2
10 0
10 4
2 10
9 1
6 9
4 10
5 2
15 0
3 15
3 4
5 1
10 6
1 2
0 10
7 9
13 12
10 9
11 0
12 9
5 14
10 5
0 2
0 3
2 8
4 2
12 1
14 7
15 4
