13 151 1892
000000000000
000000000000
000000000000
000000000001
000000000001
000000000001
000000000001
000000000001
000000000001
000000000001
000000000001
000000000001
000000000001
0000000000000
0000000000000
0000000000000
0000000000000
0000000000000
0000000000000
0000000000000
0000000000000
0000000000000
0000000000000
0000000000000
0000000000000
11 7
0 9
12 8
7 0
10 12
3 5
4 8
8 1
12 0
7 6
3 2
1 1
4 1
7 11
6 7
3 10
6 9
10 6
1 10
10 11
2 1
5 0
12 2
4 6
12 5
2 0
0 2
10 5
10 8
7 2
1 5
11 6
3 7
5 11
0 10
11 12
2 2
7 4
9 6
6 10
11 10
0 7
12 11
10 0
8 7
10 7
8 10
2 9
5 3
11 8
2 8
11 11
1 12
11 9
12 10
0 12
6 0
0 8
4 9
3 6
5 2
2 6
4 10
2 5
8 0
0 4
0 5
5 1
4 2
1 11
1 4
6 1
3 9
2 10
5 4
10 1
12 12
7 8
5 12
9 7
9 11
10 10
4 0
1 6
10 9
9 9
8 4
7 1
1 3
1 9
8 8
3 4
12 1
11 4
12 4
0 1
8 9
3 12
12 6
4 4
5 9
9 2
8 12
2 12
5 8
2 11
10 3
0 11
6 11
5 10
12 9
6 4
5 5
6 12
11 1
4 11
7 10
8 5
4 3
1 8
7 3
6 3
2 4
2 3
1 7
11 3
1 2
9 0
9 1
4 7
12 3
6 6
1 0
4 12
11 2
3 3
9 10
5 7
11 0
7 7
9 3
12 7
0 0
6 8
9 8
8 6
7 12
8 3
7 5
9 12
3 11
