16 158 2607
000000000000000
000000000000000
000000000000000
000000000000000
000000000000000
000000000000000
000000000000000
000000000000000
000000000000000
000000000000000
000000000000000
000000000000000
000000000000000
000000000000000
000000000000000
000000000000000
0000000000000000
0000000000000000
0000000000000000
0000000000000000
0000000000000000
0000000000000000
0000000000000000
0000000000000000
0000000000000000
0000000000000000
0000000000000000
0000000000000000
0000000000000000
0000000000000000
0000000000000000
3 7
1 6
3 5
15 12
0 2
4 11
12 6
8 2
1 14
13 1
6 2
7 3
0 9
15 11
2 5
0 12
5 7
14 12
8 8
11 1
13 9
4 5
7 0
2 15
10 9
3 1
0 10
15 6
6 0
8 5
1 9
8 7
13 8
5 12
4 3
1 3
1 4
14 6
11 12
0 14
8 15
11 9
14 3
15 7
6 8
3 9
7 2
12 1
14 0
4 12
1 5
13 6
14 11
8 13
9 11
8 4
4 8
8 1
1 1
4 15
11 15
8 11
9 12
14 7
2 0
6 11
0 0
2 3
6 6
15 9
15 13
13 4
6 9
3 10
11 3
2 2
4 4
15 14
3 13
10 0
11 0
13 14
12 13
2 13
11 8
9 13
12 9
13 11
5 3
0 6
0 3
13 13
2 1
11 13
9 0
13 12
13 10
6 4
0 5
15 15
3 0
7 7
5 10
3 2
15 0
11 5
5 15
10 4
15 1
8 6
14 2
15 5
8 3
7 8
4 14
14 5
7 12
14 14
5 6
3 12
3 4
15 10
12 7
9 4
6 12
9 9
9 7
7 14
6 15
6 1
2 11
2 8
10 6
3 6
1 12
9 2
10 7
4 0
1 0
2 9
10 1
10 12
8 14
2 7
9 15
8 12
1 7
0 8
5 5
9 1
10 11
10 5
14 1
1 11
0 1
10 14
15 8
1 2
