12 88 1561
00000000000
00000001000
00000001000
00000001000
00000001100
00000001100
00000001100
00000001000
00000001000
00000001000
00000001000
00000001000
000000000000
000000000000
000000000000
000000000000
000000000000
000000000000
000000000111
000000000000
111111100000
000000000000
000000000000
1 11
6 4
2 8
8 3
7 1
7 6
5 1
11 7
7 0
8 7
2 10
9 5
4 8
7 8
3 4
8 11
0 0
5 3
3 6
8 5
2 1
0 5
9 6
11 2
6 8
2 5
1 4
11 11
4 11
0 4
4 2
0 7
3 8
6 5
6 10
5 8
6 0
1 6
0 3
4 0
2 3
1 3
2 6
7 7
3 0
8 1
6 11
0 8
11 8
6 1
10 4
11 6
1 2
3 11
1 9
6 3
6 7
5 10
10 2
8 4
5 2
11 10
2 7
2 4
10 11
8 6
5 6
10 10
0 2
10 8
0 10
5 11
3 3
1 10
10 5
10 0
11 0
3 5
5 7
4 6
4 1
1 5
2 2
7 3
5 5
0 1
10 6
1 1
