15 146 2643
00000000000000
00000000000000
00000000000000
00000000000000
00000000000000
00000000000000
00000000000000
00000000000000
00000000000000
00000000000000
00000000000000
00000000000000
00000000000000
00000000000000
00000000000000
000000000000000
000000000000000
000000000000000
000000000000000
000000000000000
000000000000000
000000000000000
000000000011111
000000000000000
000000000000000
000000000000000
000000000000000
000000000000000
000000000000000
0 0
7 0
13 11
7 10
6 0
3 11
5 2
4 12
3 8
6 4
4 11
1 10
0 9
14 4
7 14
11 2
14 7
6 1
6 11
3 9
12 10
13 9
5 14
0 13
11 9
3 14
9 7
13 12
9 12
10 2
0 14
14 8
1 1
12 11
1 8
11 12
5 3
1 0
12 6
10 6
2 14
11 14
14 6
0 4
4 14
3 13
8 1
9 10
12 4
13 10
5 10
5 5
11 4
6 8
10 14
8 6
7 2
12 12
4 6
14 12
13 1
3 1
12 13
8 13
6 7
6 13
3 6
13 3
14 0
8 3
14 13
6 6
10 8
14 10
0 1
4 13
9 6
8 8
10 11
12 9
2 12
7 4
9 3
12 0
10 5
8 12
0 8
2 10
9 11
7 8
8 10
11 1
4 9
3 2
13 14
3 0
10 0
9 13
8 5
10 1
10 3
1 3
11 7
11 11
12 14
2 9
0 6
4 0
0 11
9 2
0 5
3 12
13 6
8 2
5 13
2 5
0 2
7 12
10 4
5 6
1 4
12 1
7 11
9 5
2 2
8 7
8 14
7 5
0 12
11 8
4 5
9 14
7 6
6 12
13 8
6 14
11 10
3 4
9 8
12 3
4 8
14 14
3 3
10 12
11 13
6 2
