14 160 4495
0010011000001
0010011001001
0010011000101
0010011000101
0010011000101
0010011000101
0010011000101
0010011000100
0010011000100
0010011000100
0010000000100
0000000000000
0000000000000
0000000000000
00000000011110
00000000000000
00000000000000
00000000000000
00000000000000
00011000000000
00000000000000
01100000011111
00000000000000
00000001100000
00000000000000
00000000000000
11100000000000
11 1
7 10
10 8
10 13
6 1
2 3
9 3
8 6
12 6
7 4
0 2
3 8
1 0
6 6
6 0
5 0
7 8
5 3
9 4
6 2
3 12
0 12
10 12
8 8
12 12
3 10
1 1
3 3
2 11
3 13
9 7
13 6
8 1
10 11
8 5
1 3
13 11
10 6
2 12
9 10
3 0
5 11
1 6
4 8
5 6
10 10
1 10
11 13
3 5
6 10
6 3
7 1
11 6
12 13
5 1
13 3
10 1
8 2
11 3
13 7
1 2
4 4
13 0
8 3
5 7
7 3
4 5
11 11
6 5
9 8
12 7
5 8
10 5
6 12
0 9
0 10
13 12
4 11
7 7
2 8
1 12
7 13
11 0
3 9
1 9
8 13
7 12
6 11
5 4
4 1
5 9
12 2
4 0
12 3
1 13
8 12
0 1
3 4
2 7
6 8
8 4
0 7
0 8
0 4
4 10
13 1
4 13
4 3
7 0
13 9
1 11
12 0
2 13
4 6
1 7
9 11
11 9
12 10
11 4
0 3
8 7
5 2
5 10
9 5
1 5
4 2
4 12
12 4
2 0
13 10
10 0
2 5
2 4
0 11
11 8
1 4
3 7
6 4
5 13
3 1
13 5
2 1
10 7
6 9
11 2
7 11
2 6
0 5
6 7
2 9
13 4
8 0
9 1
9 9
8 10
0 13
10 2
12 5
4 9
13 2
