19 52 1215
000000000010000001
000000000010000001
000000000010000001
000000000010000001
000000000010000000
000000000010000000
000000000010000000
000000000010000000
000000000010000000
000000000010000000
000000000010000000
000000000010010000
000000000000010000
000000000000010000
000001000000000000
000001000000000000
000001001000000000
000001001000000000
000001001000000000
1110000000011110000
0000000000000000000
0000000000000000000
0001111111100000000
0000000000010000000
0000000000000000000
1111111000000000000
0000000000000000000
0000000000000000000
0000000000000000000
0000000000011110000
0000000000000000000
0000000000000000000
0000000000000000000
0000000000000000000
0000000000000000111
0000000000000000000
0000000000000000000
17 15
0 15
1 11
12 9
16 5
2 15
13 18
11 3
2 16
3 5
5 8
2 5
6 6
12 14
2 11
9 14
6 17
9 11
6 14
5 10
3 1
2 13
9 7
17 2
10 7
4 14
2 14
4 15
16 17
2 12
9 8
4 18
12 10
13 16
1 17
6 3
7 4
17 8
4 13
4 16
1 3
8 15
4 6
13 5
18 6
18 14
18 7
10 11
7 2
0 5
11 2
18 4
