20 352 13458
1001000000000010000
1001000000100110000
1001000000100110000
1001000000100110000
1001000000100110000
0001000000100110000
0001000000100110000
0001000000100100000
0001000000100100000
0001000000000000000
0001000000000000000
0001000000000000000
0001000000000000000
0001000000000000000
0001000000000000000
0001000010000000000
0001000010000000000
0000000010000000000
0000000010000000000
0000000010000000000
00000000011111100000
00000000000000000000
00000000000000000000
00000000000011000000
00000000000000000000
00000000000000000000
00000000000000000000
00000000000000000000
00000000000000000000
00001111111111110000
00000000000000000000
00000000000000000000
00000000000000000000
00000000000000000000
00000000000000000000
00000000001111111111
00000000000000000000
00000000000000000000
00000000000000011111
0 3
7 16
18 9
4 13
9 17
13 1
14 11
9 8
3 15
9 10
13 8
10 1
3 9
18 11
13 9
19 6
18 10
10 10
8 4
12 8
18 18
4 5
6 8
10 17
10 8
9 12
17 0
16 9
0 11
15 10
17 7
14 12
17 18
10 12
6 14
7 2
9 7
19 9
14 3
18 12
16 12
18 17
11 16
10 0
6 1
14 10
2 8
8 6
19 13
6 18
8 2
2 5
1 3
7 17
6 0
9 1
7 7
4 6
5 11
10 16
15 16
14 7
0 16
9 11
10 14
9 16
2 0
11 15
6 7
6 16
3 1
1 15
13 13
16 2
19 12
2 16
6 2
15 11
3 12
4 10
1 12
17 14
1 0
16 18
18 19
0 10
6 3
8 13
3 13
8 16
3 11
4 14
8 15
2 13
7 10
7 5
5 15
13 0
5 16
3 6
11 9
15 17
15 5
1 7
18 13
4 12
10 19
5 4
0 18
4 4
13 10
18 1
11 4
6 9
15 9
12 1
0 13
11 0
0 17
9 14
15 15
10 3
8 8
8 19
13 15
16 16
1 9
9 15
19 19
14 13
12 4
4 18
17 19
3 8
0 9
18 5
14 5
11 8
13 11
0 4
11 7
8 14
19 2
0 1
15 6
3 2
4 16
2 2
9 18
12 9
1 5
16 3
6 19
5 7
2 12
17 9
4 19
18 7
13 17
12 12
1 11
3 19
7 1
9 6
14 1
1 10
9 19
12 16
13 18
16 1
9 2
11 5
1 17
15 2
1 8
1 1
19 3
18 14
12 18
0 0
19 4
14 2
10 5
5 5
7 0
16 8
19 7
13 16
0 12
9 3
15 12
12 0
5 8
8 3
14 9
15 18
8 12
18 3
1 19
11 12
11 13
2 9
10 6
10 4
10 13
4 0
4 7
11 3
10 2
19 17
15 7
17 15
14 6
6 13
18 4
12 11
3 4
16 11
2 18
6 15
12 3
5 19
11 18
0 7
18 8
8 1
3 17
17 8
6 11
15 3
10 9
16 10
14 18
11 11
16 13
1 16
10 7
16 15
0 14
3 18
18 0
2 6
0 6
19 1
10 11
0 15
4 15
7 14
15 13
16 6
19 8
19 16
16 0
0 5
1 14
0 19
7 4
12 5
5 1
15 0
16 5
9 13
13 6
19 10
16 19
14 14
11 6
1 6
5 3
13 7
15 4
11 14
4 9
5 14
2 10
6 4
6 17
8 10
10 15
2 4
17 10
12 17
2 14
4 2
2 17
17 12
13 3
18 15
12 13
4 1
8 18
7 9
17 17
10 18
7 6
4 3
16 17
1 18
11 2
11 19
2 11
5 0
8 17
9 4
0 2
14 8
15 1
3 14
17 16
7 13
14 15
5 12
9 0
17 2
5 2
16 7
8 5
8 7
8 0
14 0
17 4
5 6
12 10
9 5
15 14
17 1
1 2
13 5
3 0
19 11
16 4
4 11
13 2
17 5
19 18
14 19
1 4
7 3
18 16
2 7
3 3
6 6
8 9
12 14
19 14
15 8
17 3
12 6
5 18
18 2
19 15
12 19
