14 66 1060
0000000000000
0000000000000
0000000000000
1000000000000
1000000000000
1000000000000
1000000000000
1000000000000
1000000000000
1000000000100
1000000000100
1000000000000
0000000000000
0000000000000
00000000000000
11111111100000
00000000000000
00000000001111
00000011111111
00000000000000
00000000000000
00000000000000
00000011111111
00000000000000
00000000000000
11111111000000
00000000000000
4 5
12 10
3 6
7 8
11 4
7 2
3 10
6 6
1 12
6 3
13 13
8 8
10 11
11 9
3 13
9 4
4 0
2 10
2 13
2 0
1 11
6 5
4 1
11 3
0 5
11 6
4 7
2 7
2 1
8 5
1 7
9 10
2 11
10 4
9 8
0 11
1 13
10 10
9 1
8 7
10 7
13 0
7 4
4 6
6 8
3 7
5 12
0 6
9 6
12 3
12 6
5 9
3 1
6 7
12 4
1 2
1 9
8 9
5 7
3 9
2 9
13 8
13 4
10 1
13 11
8 6
