19 126 2352
000000010000000000
000000010000000000
000000010000000000
000000010000000000
000000010000000000
000000010000000000
000000010000000000
000000010000000000
000000010000000000
000000010000000000
000000010000000000
000000010000000000
000000010000000000
000000010000000000
000000000000000000
000000000000000000
000000000000000000
000000000000000000
000000000000000000
0000000000000000000
0000000000000000000
0000000000000000000
0111111100000000000
0000000000000000000
0000000000000000000
0000000000000000000
0000000000000000000
0000000000000001111
1111111000000000000
0000000000000000000
1000000100000000000
0000000000000000000
0000000000000000000
0000000000000000000
0000000000000000000
0000000000000000000
0000000000000000000
16 12
16 0
11 15
4 16
8 5
7 0
4 14
2 10
9 9
12 4
1 10
15 17
12 1
10 13
7 11
12 2
16 3
2 13
5 16
3 13
6 5
3 3
11 12
15 6
16 17
8 16
15 4
3 6
16 13
13 14
16 2
5 0
18 2
11 7
13 3
5 17
12 0
12 16
15 3
13 0
3 18
14 5
1 4
15 2
7 4
3 14
17 16
18 10
14 17
7 1
7 7
17 7
7 9
9 6
8 0
17 17
15 12
13 4
14 11
14 16
6 10
5 7
4 10
11 14
0 1
1 13
4 18
8 3
5 10
11 8
18 7
6 3
11 2
16 6
1 14
8 10
13 5
11 16
8 4
12 11
8 14
11 13
1 8
0 17
15 11
10 10
17 5
18 13
9 7
16 18
3 7
1 18
5 11
10 15
9 18
4 6
2 4
10 16
4 8
4 4
7 10
13 18
3 15
2 3
0 9
1 7
6 7
18 6
8 15
16 15
13 10
18 8
11 4
12 10
1 17
5 9
5 5
4 15
17 4
9 2
9 1
0 8
10 4
4 12
18 0
15 1
