19 48 695
000000000000000000
000000000000000000
000000000000000000
000000000000000000
000010000000000000
000010000000000000
000010000000000000
000010000000000000
000010000000000000
000010000000000000
000010000000000000
000010000000000000
000010000000000000
000010000000000000
000010000000000010
000010000000000010
000010000000000010
000010000000000010
000010000000000000
0000000000000000000
0000000000000000000
0000000000000000000
0000000000000000000
0000000000000000000
0000000000000000000
0000000000000000000
0000000000000000000
0000000000000000000
0000000000000000000
0000000000000000000
0000000000000000000
0000000000000000000
0000000000000000000
0000000000000000000
0000000000000000000
0000000000000000000
0000000000011111111
3 6
1 5
1 7
6 2
1 15
16 12
12 1
2 5
5 8
15 7
4 5
4 4
14 13
16 11
7 15
9 13
4 3
14 4
6 6
7 6
18 8
2 18
13 11
1 14
9 2
16 6
12 18
12 3
8 10
1 13
2 6
2 11
10 17
16 15
11 11
0 8
8 8
17 15
2 14
11 3
14 11
2 7
7 17
18 12
0 10
4 16
8 12
16 8
