17 145 5485
0000000000000000
0000000000000000
0100000000000000
0010000000000000
0000000000000000
0000000000000000
0000000000000000
0000000000000000
0000000000000000
0000000000000000
0000000000100000
0000000000100000
0000000000000000
0000000000000000
0000000000000000
0000000000000000
0000000000000000
00000000000000000
00000000000000000
11111111111110000
00000000000000000
00000011111111111
00000000000000000
00000000000000000
11111111111110000
00000000000000000
11111111111100000
11111110000000000
00000000011000000
00000000000000000
00000000000000000
11111000000000000
00000111111111111
12 14
6 8
3 3
16 11
3 10
4 0
1 8
7 2
0 8
6 1
9 14
3 2
9 16
15 7
12 0
1 0
10 7
15 4
4 6
0 0
10 11
2 3
4 2
8 0
5 5
1 7
8 1
2 6
2 10
0 16
0 2
12 15
3 8
8 9
10 13
15 1
9 1
6 4
14 11
4 7
10 3
6 15
1 11
1 4
7 7
6 6
14 5
5 11
4 3
15 10
9 9
3 16
1 9
7 14
6 16
7 0
16 16
15 11
3 13
9 12
11 16
5 13
10 12
13 10
10 9
3 12
4 15
2 15
11 5
9 5
2 4
13 14
14 13
0 13
11 1
4 9
11 4
2 1
1 1
7 8
13 2
12 9
12 6
10 6
11 0
16 12
8 13
6 0
6 12
14 0
1 14
16 6
10 16
2 14
4 1
2 12
10 15
4 5
9 3
14 4
16 0
1 15
1 3
5 7
15 8
8 12
8 8
0 4
7 6
2 8
3 14
15 2
13 15
14 7
13 12
1 16
0 7
15 13
16 2
6 9
1 6
13 3
5 0
0 9
14 16
14 3
9 4
12 1
11 3
0 5
11 7
4 12
11 11
7 3
11 8
13 4
15 6
4 11
14 2
7 15
12 13
8 10
15 5
3 11
16 13
