12 50 1010
00100000010
00100000001
00100000001
00100000001
00000000001
00000000000
00100000000
00100010010
00100010010
00100010000
00100010000
00100010000
011000000000
000000000000
000000000000
000000000000
000011111111
000111111100
000000001111
000000000000
000000000000
000000000000
000000011110
1 6
4 9
6 6
1 5
7 5
6 10
2 4
0 3
2 2
5 7
2 3
5 3
7 8
10 5
10 11
8 1
0 10
11 2
4 10
7 11
1 3
2 0
5 8
11 10
5 10
3 6
11 9
4 11
6 8
5 0
4 1
11 11
3 7
9 8
4 4
6 9
11 8
3 1
8 4
1 7
6 11
7 0
1 1
6 1
8 7
7 2
5 9
0 6
6 5
10 6
