13 145 3264
000000000000
000000000000
000000100000
000000100000
000000100000
000000100000
000000100000
000000100010
000000100010
000000100010
000000100010
000000100010
000000100010
0000000000000
0000000000000
0000000000000
0000000000000
0000000000000
0000000000000
0000000000000
0000000000100
0000000000000
1100000000000
1111000000000
0000000000000
4 1
0 6
4 0
4 3
12 1
5 10
10 6
0 8
10 2
10 5
2 1
8 7
9 9
5 0
0 10
12 7
2 0
0 4
9 11
0 1
5 3
2 11
2 9
4 2
2 3
2 10
3 6
10 7
4 12
6 1
7 5
5 11
6 6
11 9
10 8
12 9
9 5
8 12
11 1
7 2
4 9
3 5
8 1
1 3
12 11
3 0
0 9
7 12
5 5
8 9
9 0
7 7
1 7
11 5
6 5
12 5
8 5
10 0
8 2
5 8
5 7
6 3
1 9
4 8
0 2
3 11
3 12
6 4
12 0
2 4
11 12
1 5
1 0
8 4
12 12
5 9
8 3
4 7
3 2
1 4
3 3
1 12
8 0
0 7
7 10
3 1
11 8
0 5
6 12
3 10
9 1
7 4
12 4
11 3
9 6
12 2
7 3
1 2
2 6
5 6
0 12
4 10
1 1
4 11
4 5
7 1
4 6
8 10
4 4
6 2
9 7
11 2
6 7
11 10
3 7
10 1
9 4
1 11
11 4
2 7
3 9
3 8
12 6
6 11
2 8
9 12
5 4
8 6
11 11
10 3
0 3
9 2
12 8
10 11
10 12
5 12
1 10
9 8
2 12
7 8
0 0
2 2
9 3
0 11
1 8
