16 120 1986
000000000001000
100000000001000
100000000000000
000000000000000
000000000000000
000000000000000
000000000000000
000000000010010
000000000010010
000000000010010
000000000010010
000000000010010
000000000010010
000000000010010
000000000010010
000000000010010
0000000000000000
0000000000000000
1111111000000000
0000000000000000
0000000000000000
0000000111111111
0000000000000000
1111000000000000
0000000000000000
1100000000000000
0000000000000000
0000000000000000
0000000000000000
0000000000000000
0000000000000000
12 6
10 7
6 7
3 11
9 2
3 2
1 1
3 6
6 0
5 10
0 5
8 5
0 12
9 6
6 9
1 3
7 2
11 1
5 4
13 3
8 0
14 9
13 2
14 11
0 10
13 7
7 4
13 11
4 13
4 3
1 0
15 6
0 0
0 14
3 1
13 15
2 10
2 5
11 3
11 9
15 10
2 14
8 2
15 7
8 9
0 3
14 8
0 1
1 9
2 8
5 12
13 14
12 1
11 14
2 1
8 13
3 8
1 13
2 2
6 3
7 1
6 12
11 12
11 5
0 11
5 1
12 8
5 7
14 10
11 13
15 12
0 8
4 10
4 11
12 2
0 4
13 4
3 12
4 9
7 6
1 8
12 15
11 6
9 15
8 10
2 13
10 1
8 4
7 10
3 13
4 15
7 15
15 8
0 9
14 2
13 12
13 13
2 3
2 11
11 15
5 2
5 5
10 3
13 10
1 5
6 14
4 12
1 12
0 6
15 5
15 13
7 8
8 1
6 4
12 14
10 14
2 12
11 11
4 5
12 0
