16 162 4360
000010001001000
000010001001000
000010001001000
000010001001000
000000001011000
000000001011000
000000001011000
000000000011000
010000000010000
010011000010000
000011000000000
000011000000000
000011000100000
000011000100000
000011000100000
000011000100000
0000000001100000
0000000000000000
1111000000000000
0000000000000000
0000000000000000
1111111000000000
0000000000000000
1100000000000000
0000000000000000
0000000000111111
0000000000000000
0000000000000000
0000001110011111
0000000000000000
0000000000000000
14 8
8 12
1 8
2 15
3 10
6 7
6 8
12 4
7 15
6 4
12 3
11 2
11 14
0 6
7 10
13 4
10 3
11 1
6 1
10 5
6 0
8 4
14 0
0 1
12 0
0 3
8 6
12 11
2 8
9 1
6 15
7 2
12 5
4 1
13 11
0 13
10 8
10 6
15 6
3 11
8 10
6 13
4 15
2 3
2 12
15 5
5 12
2 2
9 14
7 6
9 7
12 2
0 14
8 1
11 11
13 2
7 11
7 0
12 8
14 7
1 10
8 9
12 7
5 13
10 4
12 15
15 2
3 0
14 12
14 10
14 14
9 13
4 14
7 1
11 5
4 9
3 9
5 2
14 3
14 2
3 7
0 7
10 10
6 6
1 12
3 12
15 7
9 11
4 10
4 11
1 6
14 9
15 4
8 7
10 9
1 7
1 11
13 5
12 6
5 5
1 9
7 7
13 1
10 7
2 4
3 2
2 10
8 5
12 9
2 6
3 3
10 0
11 9
1 3
11 12
6 11
8 11
11 15
11 6
13 15
11 8
3 13
7 9
10 1
2 14
10 14
0 12
14 5
10 12
12 12
6 12
13 14
14 11
15 12
3 4
12 13
10 15
4 8
14 6
4 0
0 10
0 5
2 7
15 15
1 13
6 9
10 2
9 15
4 2
13 7
10 13
1 4
13 9
4 4
7 12
9 10
9 3
4 7
1 1
5 7
3 1
7 5
