16 36 833
010000011000000
010000011000000
010000010000000
010000010000000
010000000000000
010000000000000
010010000000000
010010000000000
010010000000000
000010000000000
000010010000000
000000010000000
000000010000000
000000010000000
000000010000000
000000010000000
0000000100000000
0011110000000000
0000000000000000
0000000000000000
0000011111111111
0000111111111111
0000000000000000
0000000000000000
0000000000000000
0000000000111111
0000000000000000
0000000000000000
0000000000000000
1111100000000000
0000000000000000
8 15
9 4
9 1
10 8
11 0
11 4
0 11
12 0
10 7
1 12
2 3
10 12
11 1
6 12
10 0
3 6
9 12
11 15
6 2
8 9
6 5
15 1
4 0
4 3
8 5
10 10
0 9
8 1
11 11
10 1
0 2
3 2
12 7
1 14
15 9
15 10
