19 109 2810
000000000000000000
000000000000000000
000000000000000000
000000000000000000
000000000000000000
000000000000000000
000000000000000000
000000000000000000
000000000000000000
000000000000000000
000000000000000000
000000000000000000
000000000000000000
000000000000000000
000000000000000000
000000000000000000
000000000000000010
000000000000000010
000000000000000010
0000000000000000000
0000000000000000000
0000000000000000000
0000000000000000000
0000000000000000000
0000000000000000000
0000000000000000000
0000000000000000000
0000000000000000000
0000000000000000000
0000000000000000000
0000000000001111111
0000000000000000000
0000000000000000000
0000000000000000000
0000000000000000000
0000000000000000000
0000000000000000000
0 14
10 4
5 10
1 4
15 14
0 15
12 13
14 0
13 18
13 0
17 6
6 8
12 5
2 16
0 5
2 4
15 9
7 18
11 17
5 15
13 12
8 16
4 16
2 7
18 5
2 5
8 5
16 16
8 13
5 3
14 10
13 13
17 17
5 8
14 17
7 4
9 7
5 16
14 9
4 15
6 11
0 4
4 12
5 14
9 6
1 6
4 4
9 5
6 1
18 18
0 7
9 1
2 2
14 8
3 14
11 7
6 16
1 0
2 18
16 17
8 9
9 15
7 7
10 2
11 0
11 8
5 18
17 18
16 8
18 6
16 13
13 15
0 13
17 16
4 14
17 7
15 15
8 15
18 12
7 12
8 12
7 13
0 3
8 10
5 11
10 6
18 3
0 6
4 11
13 10
4 18
3 17
12 6
0 18
17 2
12 17
1 2
15 8
6 7
3 3
16 6
11 15
18 7
5 2
0 0
5 13
10 8
4 10
2 15
