15 123 3438
10000000000000
10000001000000
10000011000000
10000010000000
10010010000000
10000000000110
00000000000010
00000000000010
01000000000010
01000000000000
01000000000000
01000000000000
01000000000000
00000000000000
00000000000000
011110011111111
000000000000000
010000000000000
000000000000000
001111111111111
000000000000000
111100000000000
110000000000000
000000000000000
000000000000000
000000000000000
000000000000000
000000000000000
000000000000000
7 11
14 0
0 8
4 1
14 8
7 14
10 13
7 5
2 5
1 11
9 8
3 14
3 4
9 4
13 6
13 13
7 7
5 4
3 1
5 9
11 5
8 8
8 13
11 3
13 3
14 2
4 13
11 9
2 8
6 8
7 1
10 10
5 1
3 0
0 10
3 10
9 9
0 7
8 5
14 6
12 0
6 6
8 2
0 2
2 2
11 11
2 12
0 12
13 12
0 3
11 8
5 11
6 3
10 3
4 0
13 1
11 6
6 13
0 5
10 8
5 0
5 7
0 9
3 11
9 6
4 3
4 9
9 11
1 7
1 1
10 0
13 9
13 7
1 4
9 14
1 9
5 8
10 14
11 7
5 13
2 7
10 4
6 7
4 4
13 5
3 12
2 0
1 0
1 2
9 1
4 12
0 11
7 9
14 5
1 14
8 14
2 11
12 3
4 10
13 4
5 10
4 8
12 7
2 10
8 6
0 1
3 5
13 2
12 9
9 7
9 3
6 9
13 14
3 2
0 0
14 12
7 2
11 12
14 10
13 0
6 5
11 2
12 10
