20 371 6289
0000000000000000000
0000000000000000000
0000000000000000000
0000000000000000000
0000000000000000000
0000000000000000000
0000000000000000000
0000000000000000000
0000000000000000000
0000000000000000000
0000000000000000000
0000000000000000000
0000000000000000000
0000000000000000000
0000000000000000000
0000000000000000000
0000000000000000000
0000000000000000000
0000000000000000000
0000000000000000000
00000000000000000000
00000000000000000000
00000000000000000000
00000000000000000000
00000000000000000000
00000000000000000000
00000000000000000000
00000000000000000000
00000000000000000000
00000000000000000000
00000000000000000000
00000000000000000000
00000000000000000000
00000000000000000000
00000000000000000000
00000000000000000000
00000000000000000000
00000000000000000000
00000000000000000000
13 8
12 14
16 18
2 0
16 5
5 2
6 3
11 3
17 3
18 11
5 17
0 18
8 4
4 3
5 5
10 9
8 17
5 8
5 4
19 17
2 2
7 18
13 4
0 9
3 1
16 17
16 16
19 5
2 11
18 9
15 13
19 16
4 14
16 9
10 4
7 4
9 6
8 1
0 6
6 9
17 17
2 16
19 6
10 0
17 0
3 9
0 0
15 11
5 3
9 10
18 5
0 8
6 10
5 16
16 1
16 10
6 7
17 11
3 18
9 8
5 9
17 1
15 10
2 5
8 10
14 3
11 5
19 2
12 11
13 3
4 13
6 12
4 8
15 15
1 2
19 10
19 8
2 8
14 2
8 5
16 0
13 12
18 16
17 7
18 3
18 14
10 3
19 19
2 4
10 15
0 13
6 14
5 6
15 0
9 1
14 10
7 14
2 6
0 1
11 18
9 15
11 13
19 3
4 11
15 1
15 3
9 9
6 2
9 7
10 1
2 10
12 17
2 14
14 19
4 18
7 6
11 12
1 10
16 12
14 1
10 12
6 4
4 10
1 19
4 2
4 7
13 1
0 4
12 19
10 2
9 18
7 13
6 16
9 4
12 13
3 15
14 8
13 13
18 12
17 5
2 15
4 9
3 13
11 0
9 13
5 18
18 19
15 7
8 8
11 11
12 4
2 3
8 16
5 15
5 1
14 6
3 17
4 17
9 11
2 13
3 11
7 19
9 19
0 3
18 13
4 19
13 19
5 14
10 17
1 3
18 7
11 15
6 13
13 17
7 3
13 9
4 15
9 16
3 8
2 17
4 5
4 4
8 14
3 4
15 14
8 6
16 15
0 12
12 15
12 2
13 16
13 0
7 15
14 14
4 6
6 0
16 19
6 19
5 12
7 5
13 14
10 10
1 12
18 18
0 16
18 17
1 17
6 11
19 12
14 5
15 16
13 18
13 15
18 10
8 15
9 14
17 16
11 1
16 3
19 15
8 13
7 16
19 18
0 19
7 2
10 8
6 8
16 2
18 2
1 6
1 15
19 14
15 4
5 13
15 5
7 12
8 9
17 19
15 18
5 19
17 9
11 17
9 3
11 14
7 0
10 14
7 9
12 0
8 7
0 14
13 2
0 11
0 15
2 7
15 6
17 6
18 0
10 7
6 18
12 7
3 0
10 19
14 7
9 2
19 9
9 12
8 3
2 9
11 9
8 19
14 9
10 6
7 17
9 17
1 8
10 16
19 13
18 6
15 19
3 5
17 15
15 12
19 4
13 11
18 4
14 16
7 10
1 7
1 11
8 0
9 5
4 12
6 6
1 13
1 4
14 18
1 0
3 6
0 2
5 11
12 8
15 17
1 9
12 10
17 12
6 1
11 16
1 16
10 18
13 10
19 0
12 12
12 5
9 0
6 17
12 9
12 6
16 14
16 8
14 17
14 15
3 12
2 12
18 8
0 5
15 2
10 11
6 5
0 7
5 0
3 16
7 1
4 1
14 4
1 14
8 18
17 18
12 16
19 1
18 1
11 19
17 13
16 6
1 18
12 1
16 13
13 7
19 7
17 10
0 17
7 8
0 10
6 15
1 5
16 4
17 2
15 8
3 19
11 6
3 7
8 11
5 10
17 8
15 9
2 18
11 4
5 7
4 0
16 7
12 18
14 12
