14 115 1815
0000000000000
0000000000000
0000000000000
0000000000000
0000000000000
0000000000000
0000000000000
0000000000000
0000000000000
0000000000000
0000000000000
0000000000000
0000000000000
0000000000000
11111111000000
00000000000000
00000000000000
00000000000000
00000000000000
00000000000000
00000000000000
00000000000000
00000000000000
00000000000000
00000011111111
00000000000000
00000000000000
4 12
10 8
11 5
3 11
2 0
4 9
10 0
8 10
6 9
11 0
9 7
9 1
9 8
3 8
3 4
12 3
7 7
1 12
12 2
12 13
7 9
10 12
8 8
2 5
6 10
10 7
4 2
1 5
12 5
5 8
7 12
6 0
1 10
11 11
7 2
1 4
12 7
6 1
10 5
11 2
2 7
8 12
8 2
5 3
4 13
0 4
0 3
1 7
8 13
3 0
0 6
11 8
4 1
12 12
9 6
0 8
6 3
5 7
3 2
6 12
6 8
12 10
4 10
7 10
7 11
2 4
3 7
12 8
2 11
1 11
9 13
4 4
9 0
13 13
3 1
3 10
2 3
10 6
11 4
12 9
11 13
3 3
6 11
7 1
6 2
6 6
2 13
13 4
11 10
4 8
10 10
13 5
13 8
9 5
2 1
7 8
7 5
1 0
11 6
5 11
9 10
8 9
13 12
4 5
10 11
0 5
11 3
7 13
3 6
8 0
1 2
7 3
0 7
13 9
5 9
