16 150 2654
000000000000000
000000000000000
000000000000000
000000000000000
000000000000000
000000000000000
000000100000000
000000100000000
000000100000000
000000100000000
000000100000000
000000000000000
000000000000000
000000000000000
000000000000000
000000000000000
0000000000000000
0000000000000000
0000000000000000
1111111111111100
0000000000000000
1111111100000000
0000000000000000
0000000000000000
0000000000000000
0000000000000000
0000000000000000
0000000000000000
0000000000000000
0000000000000000
0000000000000000
15 8
2 8
1 1
6 9
7 2
4 0
13 6
3 14
4 1
3 0
7 8
5 5
8 4
1 13
0 5
15 6
3 13
10 9
9 0
15 12
12 5
3 8
6 2
8 11
2 7
5 15
5 7
14 2
9 1
2 1
6 1
4 5
14 11
9 14
5 0
0 10
0 0
12 13
12 10
5 2
0 6
13 3
14 10
6 11
8 1
2 2
15 4
11 7
15 0
14 15
2 14
11 10
10 5
1 15
2 10
7 0
10 11
13 5
13 8
8 8
6 5
3 1
7 14
8 13
4 6
8 14
9 5
0 14
2 13
0 11
12 12
15 3
4 14
9 2
4 11
4 2
1 6
13 10
5 11
10 12
13 15
15 9
14 0
8 2
15 14
0 8
4 9
13 11
15 7
1 4
10 14
11 2
15 2
10 0
4 8
13 7
0 2
1 9
5 12
8 0
4 12
14 6
6 8
3 4
5 3
11 3
5 13
1 0
9 3
4 13
15 5
8 9
10 6
0 3
7 13
8 10
10 8
6 14
1 8
14 5
14 1
5 6
12 14
2 5
3 5
14 9
6 10
3 9
15 11
10 2
5 9
6 4
0 7
7 1
1 2
7 7
13 2
11 4
3 10
1 3
7 10
15 13
0 15
3 2
4 7
8 5
7 11
3 7
0 13
6 12
