10 98 1740
000000000
000000000
000000000
000000000
000000000
000000000
000000001
000000001
000000001
000100001
0000000000
0000000000
1111111110
0000000011
0000000000
0000000000
0000000010
0000000000
1110110000
0 7
1 7
7 6
4 5
2 0
7 7
6 2
4 2
5 5
6 3
2 8
4 9
7 4
5 3
4 7
3 9
9 2
0 9
3 6
4 8
2 3
2 2
9 6
9 5
5 7
3 3
4 4
4 6
7 9
8 9
0 1
2 1
5 0
0 5
7 2
3 5
0 2
8 0
3 2
8 2
1 2
1 3
6 5
2 6
9 3
9 1
6 4
1 0
3 1
1 5
1 6
9 7
7 0
8 3
6 7
4 1
6 1
6 8
1 4
8 8
2 7
0 4
0 8
5 2
9 0
9 8
7 1
4 0
2 5
2 9
6 6
3 7
1 8
5 6
5 1
1 9
5 9
3 0
9 9
7 8
0 6
8 6
0 0
7 5
8 4
0 3
2 4
8 5
8 7
7 3
3 4
9 4
8 1
5 8
3 8
1 1
4 3
5 4
