12 84 1695
00000000000
00000000000
00000000000
00000000000
00000000000
00000001100
00000001100
01000001100
01000001100
11000001100
11000001100
11000001100
111111111110
000000000000
001111111111
000000000000
000000000000
000000000000
000000000000
000000000000
000011110000
000001110000
000000000000
9 10
2 2
4 4
4 11
10 5
9 8
3 11
5 5
0 5
10 7
3 0
5 0
0 10
6 8
0 2
10 8
8 9
3 3
2 10
11 2
4 7
7 7
11 7
5 4
3 2
8 11
2 1
3 1
4 9
8 7
2 3
8 1
1 9
7 0
9 3
7 10
1 4
6 3
9 6
10 11
5 6
1 0
0 1
8 10
1 10
2 4
4 3
2 7
7 6
5 11
10 2
5 8
0 6
2 6
2 0
10 3
3 9
5 1
3 5
7 2
9 4
1 5
10 1
3 8
8 3
9 2
0 3
5 9
0 11
6 11
11 0
7 3
0 9
8 4
10 10
6 5
10 0
10 6
4 1
4 5
2 9
1 1
8 0
10 9
