14 26 762
0000000000000
0000000001000
0000000001000
0000000001000
0000000001000
0000000001000
0000000001000
0000000001000
0000000001000
0000000001000
0000000001000
0000000001000
0000000001010
0000000000010
11111111111100
00000000000000
00000000000001
00000000000000
00000000000000
00000000000000
00000000000000
00000000000000
00000000000000
00000000000000
00000000000000
00000000000000
00000000000000
6 13
3 13
5 1
6 11
1 9
7 2
3 10
13 13
13 7
0 4
5 9
5 8
11 8
7 4
2 2
0 13
2 11
9 12
11 2
1 1
13 12
7 5
8 10
2 7
5 6
4 11
