16 73 2022
000000000000000
000000000000000
000000000000000
000000000000000
000000000000000
000000000000000
000000000000000
000000000000000
000100000000000
000100000001000
000100000001000
000000000000000
000000000000000
000000000000000
000000000000000
000000000000000
0000000000000000
1111111111000000
0000000000000000
0001111111111111
0000000000000000
0000000000000000
0000000000000000
0000000000000000
0000000000000000
0000000000000000
1111111111111110
1111111111111011
0000000000001111
0000000000000000
1111111111100000
10 11
3 12
3 7
2 5
2 13
4 14
3 5
0 0
2 3
6 14
14 13
4 5
12 15
4 9
10 9
8 2
9 10
14 15
4 13
3 6
6 13
5 13
9 2
8 5
12 11
6 0
10 6
7 13
7 12
14 8
9 7
9 9
10 14
11 7
7 6
15 15
14 5
2 4
7 5
3 2
1 3
5 10
13 3
11 3
13 1
5 1
4 0
5 14
4 12
9 4
12 8
15 14
1 6
1 8
14 6
0 3
9 3
7 1
2 7
9 13
8 0
9 5
5 5
15 13
4 7
9 8
5 2
6 6
7 14
3 13
8 14
4 10
12 12
