19 43 602
010001000000000000
010001000000000000
010001000000010000
010001000000010000
010001000000010000
010000000000010000
010000000000000000
010000000000000000
010000000000000000
010000000000000000
010000000000000000
010000000000000000
000000000000010001
000000000000000000
000000000000000000
000000000000000000
000000000000000000
000000000000000000
000000000000000000
0000000000000000000
0000000000000000000
0000000000000000000
0000000000000000000
0000000000000000000
0000000000000111111
0011111000000000000
0000000000000000000
0000000000000000000
0000000000000000000
0000000000000000000
0000000000000000000
0000000001111111111
1110000000000000000
0000000000000000000
0000000000000000000
0000000000000000000
0000000000000000000
11 5
10 7
16 3
18 2
4 3
4 7
2 16
8 9
14 12
16 14
11 17
6 11
0 3
6 7
9 6
3 7
2 2
15 11
3 16
14 10
9 17
12 11
13 6
10 18
5 16
6 6
7 13
12 4
11 7
2 5
3 0
0 6
7 14
18 10
6 14
7 16
16 2
1 3
1 5
3 8
11 10
11 16
1 2
