17 19 451
0000000000000000
0000000000000000
0000000000000000
0000000000000000
0000000000000000
0000000000000000
0000000000000000
0000000000000000
0000000000000000
0000000000000000
0000000000000000
0000000000000000
0000000000000000
0000000000000000
0000000000000000
0000000000000000
0000000000000000
00000000011111111
00000000000000000
00000000000000000
01111111111111111
00000000000000000
00000000000000000
00000000000000000
00000000000000000
00000000000000000
00000000000000000
00000000000000000
00000000000000000
00000111111111111
00000000000000000
00000000000000000
01111111111111111
3 10
12 8
2 16
12 9
0 4
14 2
13 1
15 12
1 13
1 0
16 12
6 3
2 9
13 6
14 12
11 5
0 0
11 11
15 14
