15 44 636
00000000000000
00000000000000
00000000000000
00000000000000
00000000000000
00000000000000
00000000000000
00000000000000
00000000000000
00000000000000
00000000000000
00000000000000
00000000000000
00000000000000
00000000000000
000000000000000
000000000000000
000000000000000
000000000000000
000000000000000
000000000000000
000000000000000
000000000000000
000000000000000
000000000000000
000000000000000
000000000000000
000000000000000
000000000000000
5 13
13 0
2 11
9 13
8 2
9 6
1 9
4 1
3 0
2 14
5 12
0 1
6 0
8 11
9 1
3 8
7 14
0 12
4 14
2 2
5 8
2 10
9 7
3 14
3 6
6 5
10 6
8 7
5 3
8 6
4 4
3 3
14 2
2 8
1 6
10 11
12 8
13 4
10 7
11 5
9 3
6 13
11 3
5 11
