18 257 4961
00000000000001000
00000000000001000
00000000000001000
00000000000000000
00000000100000000
00000000000000000
00000000000001000
00000000000001000
00000000000001000
00000000000001000
00000000000001000
00000000000000000
00000000000000000
00000000000000000
00000000000000000
00000000000000000
00000000000000000
00000000000000000
000000000000000000
000000000000000000
110000000000000000
000111111111111111
000000000000000000
000011111111111111
000000000000000000
000000000000000000
000000000000000000
000000000000000000
000000000000000000
000000000000000000
000000000000000000
000000000111111111
000000000000000000
000000000000000000
000000000000000000
0 11
10 6
5 7
4 13
5 15
17 12
15 16
16 11
6 16
10 0
17 11
1 7
11 10
7 16
13 7
11 15
4 17
7 15
2 15
8 11
15 13
9 1
12 6
7 1
9 2
4 14
4 16
7 4
5 13
3 17
2 16
2 11
4 5
14 2
0 15
12 0
1 16
2 5
1 3
9 9
17 3
5 3
9 3
10 11
11 17
0 13
9 4
16 7
3 7
13 15
0 5
10 1
3 6
5 4
6 15
5 8
8 7
10 9
3 4
4 1
10 10
3 15
13 4
11 12
3 5
6 1
11 2
11 13
15 4
2 2
2 3
6 14
9 13
0 4
16 5
15 10
11 0
12 12
4 2
2 0
14 6
17 17
11 9
10 7
3 11
13 17
15 2
5 0
17 6
8 12
5 17
10 4
5 1
6 5
12 11
2 8
9 11
9 14
8 17
16 3
13 6
1 17
16 9
16 2
4 7
6 17
17 14
4 10
15 12
1 2
8 15
1 9
3 16
1 5
7 12
16 6
7 11
11 8
14 13
15 5
16 12
4 4
4 6
3 14
1 0
5 10
8 16
7 0
13 16
10 13
6 0
4 3
0 12
17 10
6 7
15 11
3 8
4 12
7 5
2 13
5 16
13 11
17 7
6 2
0 17
13 0
17 15
15 3
12 9
5 11
17 4
6 11
13 8
16 14
6 12
9 12
14 4
16 17
15 14
1 6
11 4
2 9
8 1
14 1
0 6
7 7
5 12
0 14
11 16
1 14
3 13
2 17
14 11
6 10
2 12
11 11
8 2
2 14
4 11
4 8
12 15
14 15
17 1
13 2
5 5
0 9
2 6
7 9
12 3
3 9
10 8
15 7
0 10
12 2
14 16
12 17
16 13
4 15
7 2
9 10
12 10
10 3
5 14
5 6
12 14
2 4
11 3
14 7
9 8
0 2
15 1
2 1
9 0
14 9
13 14
8 3
13 1
12 13
15 15
7 3
17 0
10 16
10 12
9 15
1 8
9 16
9 5
14 5
1 12
10 17
1 11
13 9
8 9
0 8
7 17
16 1
7 8
8 6
12 4
11 7
12 8
14 0
9 6
17 16
6 4
9 17
7 14
15 8
15 9
0 7
14 17
15 17
14 10
0 0
11 6
16 4
12 16
