15 207 5162
00010000000000
00010000000000
00010001000000
00000001000000
00000001000000
00000001000000
00000001000000
00000001000000
00000001000000
00000001000000
00000001000000
00000001000000
00000001000000
00000001000000
00000001000000
000000000000000
000000000000000
000000000000000
111111100000000
000000000000000
000000000000000
000000000000000
000000000000000
000000000000000
000000000000000
000000000000000
000000000000000
000000000000000
000000000000000
14 10
3 5
2 8
13 5
6 3
13 3
11 1
7 3
14 13
8 8
9 1
11 5
5 4
5 1
2 9
13 1
1 0
6 0
4 9
3 3
12 9
12 2
14 0
9 6
1 7
13 10
11 11
12 5
14 1
10 4
8 7
0 2
6 12
5 3
8 3
13 7
3 13
1 2
10 11
1 11
11 13
10 1
10 6
2 13
7 7
1 8
6 5
2 2
11 3
10 12
8 10
3 12
12 0
6 7
7 1
3 6
14 12
3 4
12 4
2 3
4 8
4 13
0 13
0 6
10 13
4 7
9 8
1 3
10 8
13 2
0 1
11 6
11 10
6 9
13 11
5 5
13 0
3 2
14 2
1 1
11 14
2 6
10 9
2 0
3 8
9 0
7 14
7 12
13 13
0 5
11 2
14 9
8 14
8 6
2 1
6 10
8 4
5 6
0 0
2 5
7 2
7 13
0 8
12 7
0 3
1 5
9 14
6 13
14 6
4 11
6 2
13 6
2 7
8 13
9 7
12 13
9 10
1 10
6 11
12 6
12 14
14 3
12 10
3 7
14 11
6 1
6 6
11 7
0 11
9 2
4 1
11 4
11 0
1 4
4 14
8 5
7 8
0 4
4 0
3 0
12 11
2 14
8 2
5 2
6 4
8 0
12 12
5 11
0 10
2 4
1 12
7 0
6 14
7 6
9 3
12 8
9 5
11 12
13 9
5 9
11 8
7 5
4 5
5 12
4 3
5 13
10 3
7 10
4 12
9 4
2 11
1 6
3 10
5 0
5 8
14 14
0 7
10 10
6 8
8 12
11 9
13 12
14 7
7 11
4 10
9 11
10 14
3 9
8 1
3 1
14 4
14 5
2 10
9 13
14 8
9 9
12 1
3 11
0 12
8 9
8 11
5 7
0 14
10 0
4 6
10 5
1 13
