14 119 1564
0000000000000
0000000000000
0000000000000
0010000000000
0010000000000
0010000000000
0000000000000
0000000000000
0000000000000
0000000100001
0000000100001
0000000100001
0000000000001
0000000000001
00000000000000
11111110000000
00000000000000
00011100000000
00000000000111
11111111110000
00000000000001
00000000000000
00000000000000
00000000000000
00000000000000
11111111100000
11111100000000
9 6
4 7
4 11
6 10
2 8
2 9
3 2
13 2
7 5
12 6
9 13
2 4
12 2
4 5
10 11
4 0
11 9
7 6
12 11
8 11
8 0
12 10
5 7
13 10
9 10
10 0
13 1
1 5
9 0
0 11
1 7
3 1
1 3
13 7
3 5
4 13
13 9
2 2
8 1
0 10
6 6
13 3
5 3
8 12
0 0
7 0
8 8
4 1
2 12
3 0
6 7
2 6
0 6
10 5
0 3
2 13
11 10
0 9
12 4
4 6
1 6
4 2
9 2
13 11
1 4
4 12
6 3
1 11
2 0
3 13
10 10
11 12
7 2
3 6
13 6
1 1
6 12
5 8
5 11
2 11
13 4
10 4
13 8
7 3
9 7
0 8
0 2
2 5
10 8
5 10
8 6
8 3
9 12
11 8
12 0
8 4
8 10
6 11
0 5
0 1
12 13
5 12
5 0
0 7
8 13
3 4
7 7
3 11
11 11
1 9
7 10
3 10
2 3
5 13
11 4
11 1
3 8
12 5
0 4
