20 197 4343
0000000000000000000
0000000000000000000
0000000000000000000
0000000000000000000
0000000000000000000
0000000000000000000
0000000000000000000
0000000000000000000
0000000000000000000
0000000000000000000
0000000000000000000
0000000000000000000
0000000000000000000
0000000000000000000
0000000000000000000
0000000000000000000
0000000000000000000
0000000000000000000
0000000000000000000
0000000000000000000
00000000000000000000
00000000000000000000
00000000000000000000
00000000000000000000
00000000000000000000
00000000000000000000
00000000000000000000
00000000000000000000
00000000000000000000
11111111111110000000
00000000000000000000
00000000000000000000
00000000000000000000
00000000000000000000
00000000000000000000
00000000000000000000
00000000000000000000
00000000000000000000
00000000011111111111
17 4
9 10
7 10
9 18
16 12
12 17
19 19
2 5
6 11
5 19
2 17
17 6
12 3
18 14
16 19
16 13
3 2
17 8
10 6
3 6
11 17
13 4
12 11
0 13
16 18
0 7
0 15
7 13
15 0
1 17
13 9
13 12
0 12
11 2
4 12
13 2
10 13
18 17
17 12
10 16
18 6
9 7
11 19
15 13
15 7
0 18
0 1
8 10
1 10
6 2
11 10
1 2
2 9
14 9
16 6
2 12
9 12
14 8
4 0
11 18
19 9
17 15
4 6
2 19
13 5
16 0
0 19
7 18
7 4
3 4
6 16
1 15
0 2
2 4
17 5
8 11
7 2
13 16
2 16
14 3
13 17
14 16
8 6
17 17
6 3
16 16
15 15
2 13
10 15
15 17
10 17
4 16
18 11
17 10
5 3
13 10
19 16
10 9
0 16
15 12
6 1
16 1
16 5
15 18
0 10
1 9
12 19
12 10
15 19
17 16
16 8
10 14
10 3
12 13
5 17
13 0
2 2
16 3
18 15
15 1
4 13
3 10
16 9
14 6
9 11
16 17
1 8
9 6
5 5
2 1
6 18
4 11
11 7
11 3
16 7
5 18
9 8
3 13
11 9
1 0
14 1
4 3
0 9
7 7
14 7
11 14
5 8
6 19
17 14
3 19
15 5
18 8
14 17
15 11
4 14
16 4
15 16
17 7
16 14
5 7
3 15
5 13
1 19
19 0
19 4
8 9
3 0
2 10
4 10
1 5
18 13
4 4
19 14
18 5
8 16
6 6
13 18
1 4
1 12
14 4
8 13
12 16
9 19
8 18
18 0
12 12
16 11
6 13
9 0
10 12
14 2
12 18
8 19
18 16
15 6
2 14
7 11
