12 93 1634
10001000000
10001000000
10000000000
10000000000
10000000000
10000000000
10000000000
10000000000
10000000000
00000000000
00000000000
00000000000
000000000000
000000000000
000000000000
000000000000
011111100000
000000000000
000000000000
000000000000
000000000000
111100000000
000000000000
3 5
5 10
1 6
6 11
9 9
0 11
4 10
0 6
7 6
0 2
10 7
0 4
11 5
1 8
11 2
2 10
1 0
2 8
7 8
0 10
11 0
6 3
4 1
9 5
6 0
3 8
8 5
3 1
7 7
0 5
6 7
4 2
1 2
6 6
1 3
0 9
10 1
9 11
10 2
3 4
4 6
10 0
3 3
2 5
9 3
3 10
7 2
4 7
2 0
5 9
8 9
4 5
0 1
8 7
5 3
1 9
8 4
8 10
10 9
6 2
11 7
2 9
11 4
7 9
11 6
8 8
9 10
7 5
10 3
6 1
7 1
11 9
1 11
0 8
4 3
10 11
11 8
11 10
5 2
2 4
1 7
9 4
4 0
0 7
8 3
1 1
2 11
9 1
2 1
10 10
1 5
2 7
7 3
