14 159 3384
0000001000001
0000001000001
0000000000001
0000000010001
0000000010001
0000000110001
0000000110001
0000010110001
0000010110001
0000010110001
0000010110001
0000010110000
0000010110000
0000010100000
00000000000000
00000000000000
11111111110000
00000000000000
00011111000000
00000000000000
01111100000000
00000000000000
00000100000000
00000000000000
11110000000000
00000000000000
00000000000001
5 8
6 7
9 3
12 12
11 3
8 4
11 8
10 11
12 11
6 3
13 3
11 10
11 1
11 7
3 2
7 6
4 12
9 1
12 0
3 4
1 5
10 9
5 13
9 4
7 0
3 13
13 10
7 10
0 8
3 0
3 9
10 7
4 3
5 9
13 2
4 7
4 1
9 8
4 4
13 4
12 7
9 5
0 6
6 8
8 1
13 11
0 0
2 4
12 5
11 2
6 2
6 13
10 0
12 1
13 0
1 3
1 4
8 13
7 1
8 7
9 13
6 9
11 5
11 11
10 10
3 6
9 0
2 11
8 3
4 8
8 10
13 13
4 2
12 10
9 6
1 9
8 0
5 10
2 2
4 0
3 5
3 3
5 1
10 12
7 4
0 10
13 9
10 3
12 13
12 9
11 13
9 12
10 2
6 1
11 12
2 1
1 11
6 5
2 8
6 4
9 2
6 10
5 11
2 12
12 2
0 5
0 11
5 12
4 10
3 10
5 3
5 2
7 7
7 8
4 11
5 0
1 0
3 1
10 5
11 4
2 10
13 1
5 6
12 8
9 11
3 7
0 12
8 11
8 2
5 4
0 7
13 8
4 9
7 12
10 4
13 5
1 6
9 9
10 8
10 13
2 9
2 5
8 9
0 9
9 10
2 0
6 11
2 13
7 2
7 5
0 2
13 6
1 12
8 5
4 13
7 13
8 6
0 1
1 7
