16 58 734
000000000000000
000000000000000
000000000000000
000000000000000
000000000000000
000000000000000
000000000000000
000000000000000
000000000000000
000000000000000
000000000000000
000000000000000
000000000000000
000000000000000
000000000001000
000000000001000
0000000000000000
0000000000000000
0000000000000000
0000000000000000
0000000000000000
0000000000000000
0000000000000000
0000000000000000
0000000000000000
0000000000000000
0000000000000000
0000000000000000
0000000000000000
0000000000000000
0000000000000000
15 8
13 15
1 1
11 8
4 12
14 9
3 10
11 10
6 15
0 12
5 4
15 3
15 5
9 12
9 5
12 13
11 11
5 3
5 7
7 13
2 14
13 8
8 9
13 5
14 8
1 15
12 4
10 1
8 1
1 13
11 15
11 5
5 15
15 13
3 11
0 13
9 6
10 9
10 13
7 14
12 10
9 2
11 1
10 0
0 8
10 2
15 15
7 0
3 0
14 14
4 4
3 1
5 1
13 6
5 6
10 11
12 3
14 5
