14 57 1724
1000110000000
1000110000000
1000110100000
1010110100000
1010110100000
0010110100000
0010110100000
0010100110000
0010100110000
0010100110000
0010000110000
0010010010000
0010010010000
0010010010000
00000000000000
00000011111100
00000000000000
00000000000000
00000000000000
00000000000111
00000001000000
00000000000000
00000000000000
00000000000000
00000000000000
11000000000000
00000000000000
5 11
7 12
7 4
4 13
10 2
1 10
2 8
6 1
12 4
10 11
3 6
11 6
6 5
4 6
1 5
3 10
0 11
6 11
7 11
13 8
10 10
11 11
13 12
4 3
9 9
11 5
6 7
10 7
8 13
12 8
9 6
4 5
0 13
13 11
3 4
0 7
2 10
2 7
4 4
11 0
9 4
11 13
13 4
2 2
12 5
2 1
0 10
12 13
0 6
13 13
6 0
12 7
5 5
8 5
5 0
6 13
9 13
