16 68 1458
000001100000000
000000000000000
000000000000000
000000000000010
000000000000000
000000000000000
000000000000000
000000000000000
000000000000000
000000000000000
000001000000000
000001000000000
000001100000000
000001100000000
001001100000000
001001100000000
0000000000000000
0000000000000000
0000000000000000
0111111111111111
0000000000000000
0000000000000000
0000000000000000
0000000000000000
0000000000000000
0000000000000000
0000000000000000
1111100000000000
0000000000000000
0000000000000000
0000000000000000
14 8
7 5
15 13
9 15
0 9
11 9
9 2
15 15
0 4
10 8
1 7
1 13
2 8
3 7
7 3
11 1
2 5
1 1
8 2
1 6
13 8
1 14
5 5
1 15
5 8
15 8
6 2
0 15
12 1
15 2
14 10
0 2
15 4
14 9
10 14
14 12
7 4
7 6
7 2
13 12
2 1
6 14
8 15
6 9
10 0
9 0
7 1
9 8
11 13
2 11
14 0
2 10
11 5
5 12
1 10
1 9
1 11
0 10
11 8
12 3
8 9
5 7
3 14
7 13
1 12
5 10
10 6
9 1
