20 181 6944
0000000000000000000
0000000000000000000
0000000000000000000
1000000000000010000
1000000000000010000
1000000000000010000
1000000000000010000
1000000000000000000
0000010000000000000
0000010000000000000
0000010000000000000
0000010000000000000
0000010000000000000
0100010000000000000
0100010000000000000
0100010000000000000
0100010000000000000
0100000000000000000
0100000000000000000
0100000000000000000
00000000000000000000
00000000000000000000
00000000000000000000
00000000000000000000
00000000000000000011
00000000000000000000
00000111111111111111
11111111111111111000
00000000000000000000
00000000000001111111
11111011111111100000
00000000000000000000
00000000000000000000
00000000000000000000
00000000000000000000
00000000000000000000
00000000000000000000
00000000000000000000
00000000000000000000
8 8
13 17
18 13
1 16
4 6
2 16
4 17
11 16
5 2
14 16
17 15
13 12
12 1
19 3
14 14
7 15
0 8
16 15
11 0
5 16
4 10
11 10
0 6
3 6
2 15
18 1
0 13
16 12
8 5
8 17
1 19
15 17
2 19
7 5
4 1
15 18
18 14
2 17
10 4
10 10
18 10
1 18
11 13
10 5
13 19
18 3
9 6
15 4
6 0
13 8
19 13
17 16
19 11
11 18
3 10
3 1
10 1
18 19
11 15
17 10
1 13
4 15
9 2
8 4
8 1
18 2
13 6
0 19
16 16
11 6
16 17
6 11
16 4
4 13
5 11
10 15
5 5
1 2
12 9
9 9
2 6
18 12
13 3
5 17
6 5
9 10
4 18
19 15
5 19
12 13
19 6
6 9
16 10
1 3
3 18
10 12
10 2
8 12
16 5
14 5
18 7
6 2
3 19
1 12
14 19
0 2
11 9
4 9
10 6
15 7
17 11
6 8
16 2
5 12
3 15
2 12
5 4
16 13
18 9
5 6
3 4
2 1
11 7
3 3
7 14
12 15
10 9
7 6
1 0
16 3
2 0
5 15
10 16
16 14
17 3
3 17
12 6
18 6
19 18
14 12
17 13
6 17
15 19
9 5
3 13
0 3
6 16
13 14
1 17
16 1
12 7
6 12
14 0
10 14
9 3
13 9
18 11
9 18
0 14
5 1
18 0
12 0
13 15
18 16
14 13
10 3
1 1
11 5
17 5
13 0
7 17
11 17
0 16
19 14
8 6
7 9
3 8
8 10
19 1
16 11
17 2
