14 39 955
0000000000000
0000000000000
0000000000000
0000000000000
0000000000000
0000000000000
0000000000000
0000000000000
0000000000000
0000000010000
0000000010000
0000000010000
0000000010000
0000000010000
00000000000000
00000000000000
00000000000000
00000000000000
00000000000000
00000000000000
00000000000000
01111111111111
00000000000000
00000000000000
00000000000000
00000000000000
00000000000000
7 3
1 1
5 1
9 12
5 2
3 7
9 11
3 9
10 12
2 11
11 7
1 5
5 11
0 11
7 4
8 11
5 5
13 5
10 4
2 0
13 8
3 3
11 0
7 12
12 13
1 4
11 2
1 11
2 9
4 7
12 2
5 10
4 10
0 5
3 0
4 1
2 4
3 5
11 10
