19 234 8258
100000000000010000
100000000000010000
100000000000010000
100000000000000000
100000000000000000
100000000000100000
100000000000100000
100000000000100000
100000000000100000
100000000000101000
100000000000101000
100000001000101000
000000001000101000
000000001000101000
000000001000101000
000000001000101000
000000000000101000
000000000000101000
000000000000101000
0000000000000000000
0000000000000000000
0000000000000000000
0000000000000000000
0000000000000000000
0000000000000000000
0000000000000000000
0000000000000000000
0000000000000000000
0000000000000000000
0111111110000000000
0000000000001000000
0000000000000000000
0000000000000000000
0000000000000000000
0000000000000000000
0000000000000000000
0000000000000000000
1 8
18 13
8 1
6 2
12 6
13 14
13 15
16 0
4 17
5 3
14 3
7 2
15 3
6 15
18 11
2 13
12 18
9 6
3 2
17 16
7 17
3 7
0 5
3 3
6 5
13 11
16 10
5 8
10 9
12 13
4 5
9 0
11 9
9 11
13 7
16 9
5 1
15 15
2 8
2 17
17 1
9 3
10 7
13 0
6 10
9 12
10 12
16 16
14 0
17 12
4 1
14 17
6 12
3 16
0 2
14 1
1 13
3 10
12 4
9 18
5 17
5 13
14 16
16 2
17 0
1 9
14 18
1 16
11 12
15 4
18 2
8 2
11 2
10 16
6 17
5 7
18 18
13 8
5 10
17 10
11 7
11 17
6 3
14 2
5 6
12 5
13 18
2 12
1 4
4 10
6 9
16 11
13 10
2 3
17 8
15 12
7 3
17 2
15 6
17 15
17 4
4 3
18 6
15 7
0 1
12 15
3 0
10 5
15 11
2 11
10 13
11 13
4 13
2 16
13 17
1 17
15 10
14 7
15 2
4 0
9 1
0 16
4 8
12 1
9 17
11 1
3 8
1 12
10 10
13 5
8 12
4 4
6 4
4 12
8 17
2 9
18 3
13 4
9 5
7 5
5 15
2 15
14 9
10 15
0 7
11 11
7 1
4 16
13 9
15 9
2 7
7 6
7 11
0 17
6 8
10 8
10 0
1 14
14 11
5 4
4 18
13 12
16 6
1 1
7 15
8 6
14 4
11 3
9 7
16 12
1 10
0 12
9 2
15 5
5 11
0 9
2 6
0 13
3 13
16 7
2 2
16 3
2 10
4 2
7 16
1 18
8 7
16 4
11 8
3 14
14 15
16 1
12 0
0 4
18 17
7 18
12 10
18 8
3 15
3 18
6 1
9 4
6 18
14 5
17 18
12 8
0 15
14 13
10 2
13 16
16 5
0 6
8 8
14 6
17 7
4 11
8 0
18 16
3 1
2 1
15 18
10 18
15 8
1 7
18 4
6 0
17 6
11 5
18 14
11 15
3 5
11 0
9 8
16 15
