18 227 8049
00000000000000000
00000000000000000
00000000000000000
00000001000000000
00001001000000000
00001001000000000
00001001000001100
00000000000001100
00000000000001100
00000000000000100
00000000000000100
00000000000000110
00000000000000110
00000000000000010
00000000000000010
00000001000000010
00000001000000010
00010000000000010
000000000000000000
000000000000000000
000000001111111111
000111110000000000
000000000000000000
100000000000111111
000000000000000000
000000000000000000
000000000000000000
000000000000000000
000000000000000000
000000000000000000
000000000000000000
111111111111000100
111111111111100000
000000000000000000
000000000000000000
8 6
10 14
7 0
8 12
6 1
17 3
3 13
7 13
16 10
9 17
13 1
0 9
7 12
14 11
3 16
16 4
11 9
0 7
11 10
4 4
12 4
14 12
6 8
8 13
6 6
11 11
5 8
9 7
0 16
4 12
15 1
8 1
15 16
10 13
15 14
16 9
2 4
7 14
7 9
8 8
9 6
15 9
0 6
0 10
7 1
1 6
8 0
9 11
3 11
13 8
16 15
10 2
10 11
0 5
3 0
5 13
10 3
1 15
4 10
12 10
2 12
11 16
6 17
10 8
8 3
15 17
11 0
14 13
9 13
0 0
4 11
16 3
9 9
2 3
1 9
9 2
14 9
9 14
14 3
13 2
14 2
4 1
13 4
13 16
7 11
7 5
5 17
12 13
13 14
17 4
9 16
12 12
1 11
11 13
7 6
8 14
2 14
2 0
10 17
12 5
15 8
10 5
13 9
11 3
8 5
5 7
17 15
10 9
13 12
2 8
10 16
11 14
17 17
16 5
3 5
1 14
15 12
5 0
3 4
10 12
13 17
2 17
12 14
6 13
16 7
14 6
9 15
1 1
14 15
0 3
16 1
2 6
12 2
17 12
7 8
0 13
6 2
3 2
14 5
17 11
7 17
4 9
1 13
4 6
17 16
6 14
10 1
13 7
16 16
5 14
8 10
4 7
5 9
3 8
5 2
10 0
17 6
0 12
0 1
14 0
17 13
11 2
1 17
13 6
8 9
2 11
4 2
17 2
2 10
2 13
9 3
12 11
1 8
1 4
5 4
13 3
4 13
16 11
0 4
12 6
7 3
5 11
3 15
3 14
6 5
14 14
17 7
7 7
10 7
16 17
0 15
13 5
15 6
4 14
3 12
10 10
5 1
11 5
1 0
11 1
1 2
4 0
0 11
6 16
4 3
3 7
17 10
9 12
6 11
8 11
17 1
16 12
2 1
14 7
9 4
1 3
6 9
17 9
8 17
15 3
8 4
7 4
0 8
15 2
14 8
15 7
16 6
