17 285 5019
0000000000000000
0000000000000000
0000000000000000
0000000000000000
0000000000000000
0000000000000000
0000000000000000
0000000001000000
0000000001000010
0000000001000010
0000000001000010
0000000001000000
0000000001000000
0000000001000000
0000000001000000
0000000001000000
0000000000000000
00000000000000000
00000000000000000
00000111111111111
00000000000000000
00000000000000000
00000000000000000
00000000000000000
00000000000000000
00000000000000000
00000000000000000
00000000000000111
00000000000000000
00000000000000000
00000000000000000
00000000000000000
11111111111111110
4 3
16 15
15 12
6 11
11 15
4 6
0 15
4 13
12 0
6 16
10 7
3 8
0 12
8 13
9 13
5 14
16 13
11 4
9 9
14 10
3 9
6 2
2 6
13 2
2 0
2 1
7 14
13 0
8 10
4 7
16 1
2 13
15 16
13 16
16 11
12 8
7 7
2 8
16 0
14 16
7 5
11 0
0 3
16 14
9 12
8 5
11 2
9 6
14 7
12 2
5 7
16 9
0 5
8 14
2 3
16 16
13 14
16 4
6 12
9 4
0 1
10 13
8 9
16 5
16 12
7 9
3 11
10 1
10 11
7 10
12 15
16 10
3 5
9 11
7 6
7 12
11 6
8 12
15 5
13 13
1 8
5 12
0 4
2 10
8 7
1 12
13 12
3 15
2 4
5 0
2 11
5 8
1 0
13 7
4 15
13 4
12 14
9 8
4 14
4 16
7 16
6 13
6 15
13 6
5 1
5 5
4 10
15 15
1 3
6 0
16 3
11 8
7 8
12 1
12 11
3 14
7 1
6 7
15 10
15 2
5 6
14 1
4 8
14 13
11 7
1 4
6 8
1 7
14 5
6 1
0 8
8 8
9 5
3 13
11 3
0 16
4 12
8 15
12 4
5 10
10 5
0 7
9 1
9 16
4 0
15 14
11 9
2 16
9 7
8 4
5 13
15 13
1 14
11 12
6 4
16 7
10 14
10 12
8 3
12 7
9 10
0 0
13 15
14 8
4 5
13 3
11 5
9 3
10 4
3 2
10 10
11 16
6 14
3 0
9 2
14 4
0 9
8 2
6 3
15 9
11 1
13 8
1 11
10 2
7 11
15 7
9 15
5 15
6 10
7 4
5 11
1 1
2 12
12 10
14 9
14 3
3 1
3 6
11 13
7 3
12 13
14 12
10 9
8 11
14 15
8 0
7 13
3 10
8 16
10 16
15 3
1 16
13 9
2 5
12 9
10 3
14 11
11 11
8 1
14 0
6 6
15 6
6 5
0 13
6 9
0 6
4 1
2 9
11 14
13 10
14 14
7 15
7 2
5 3
3 12
15 11
1 9
4 2
10 8
5 2
15 8
9 0
16 8
1 10
1 2
3 16
11 10
1 15
15 1
16 6
12 6
12 3
0 11
5 4
13 11
1 6
4 11
0 10
14 6
9 14
12 5
2 14
0 14
3 4
8 6
1 5
13 5
0 2
3 3
7 0
12 12
2 7
10 0
5 9
12 16
15 4
13 1
14 2
16 2
1 13
4 9
4 4
10 15
3 7
2 2
