19 106 3200
001000000000001000
000000100000001000
000000100000001000
000000100000001000
000000100000001000
000000100000001000
000000100000001000
000000100010001000
000000100010001000
000000000010001010
000000000010001010
000000000010001010
000000000010000010
000000000010000010
000000000010000010
000000000010000011
000000000010000011
000000000010000011
000000000010000011
0001111111110000000
0000000000000000000
0000000000000110000
0000000000000000000
0000000000000000000
0000000000000000000
0000000000000000000
0000000000000000000
0000000000000000000
0000000000000000000
0000000000000000000
0000000000000000000
0000000000000000000
0000000000000000000
0000000000000000000
1111011111100000000
0000000000000000000
0000000000000000000
17 9
4 11
7 13
9 8
11 3
7 12
10 5
8 2
15 12
12 14
17 11
9 10
4 4
1 6
1 18
0 12
12 3
13 17
14 11
16 3
0 7
14 15
8 8
5 16
11 13
14 2
12 18
7 3
14 16
8 16
18 2
7 9
16 7
17 16
4 0
18 15
11 4
2 12
4 18
5 3
1 2
15 11
11 9
11 11
1 11
17 5
13 8
5 17
4 1
15 13
12 1
10 6
9 9
16 17
8 5
15 5
8 13
9 12
10 11
6 4
16 8
6 18
2 7
6 10
10 14
2 11
5 1
18 4
12 0
15 0
18 12
9 2
4 12
3 16
17 12
11 10
6 17
15 17
13 5
8 6
5 5
18 16
12 13
7 1
7 4
14 8
3 17
2 5
16 13
6 6
10 3
9 0
3 6
17 18
7 14
5 6
9 13
15 10
6 12
2 3
7 11
0 3
16 16
13 14
3 18
15 18
