18 24 808
00000001000001000
00000001000001000
00000001000000000
00000001000000000
00000001000000000
00000001000000000
00000001000000000
00000001000000000
00000001000000000
00000001000000000
00000000000000000
00000000000000000
00000000000000000
00000010000000000
00000010000000000
10000010000000000
10000010000000000
10001110000000000
000000000000000000
000000000000000000
000000000111111111
000000000000000000
000000000000000000
111111000000000000
111110000000111111
000000000000000000
000111110000000000
100000000000011111
000000000000000000
000000000000000000
000000000000000000
000000000000000000
000000000000000000
000000000000000000
000000011111111100
9 0
0 7
7 5
2 5
12 14
2 16
7 4
11 3
7 6
17 9
14 1
15 4
1 13
3 16
2 6
5 5
4 2
10 10
1 1
16 15
0 10
12 3
7 13
6 2
