18 32 536
10000000000000000
10000000100000000
10000000100000000
10000000100000000
10000000100000000
10000000100000000
10000000100000000
10000000100000000
10000000100000000
10000000100000000
10000000100000000
10000000100000000
10000000100000000
00000000100000000
00000000100000000
00000000100000000
00000000000000000
00000000000000000
000000000000000000
000000001000000000
000000000000000000
000000000000000000
000000000000000000
000000000100000000
000000000000000000
000000000000000000
000000000000000000
000000000000000000
000000000000000000
000000000000000000
000000000000000000
000000000000000000
000000000000000000
000011111111111111
000000000000000000
4 1
8 9
0 16
6 9
1 15
15 8
0 4
12 2
0 0
7 8
8 7
2 12
3 16
16 16
12 6
14 1
0 9
5 6
5 14
1 14
12 8
17 10
9 4
13 4
4 5
9 12
16 6
16 7
2 8
13 15
7 13
5 17
