12 94 1745
00001101000
00001111000
00001111000
00001111000
00001111000
00000110000
00000010000
00000010000
00000010000
00000000000
00000000010
00000010010
110000000000
000000001000
000000000000
000000000011
111100000000
000000000000
000000000000
000000000000
111111110000
000000000000
000000000000
5 4
3 9
10 5
11 2
8 9
7 11
5 1
0 8
4 6
10 3
11 7
0 9
4 7
1 10
11 3
8 0
11 6
2 0
10 7
10 9
10 2
5 5
3 7
7 1
1 0
11 0
3 3
4 3
3 4
2 2
3 10
2 7
10 11
7 0
2 11
1 4
11 4
5 7
7 4
4 10
6 6
2 8
8 2
10 8
0 0
4 0
8 1
3 5
10 6
5 2
2 1
9 6
2 9
9 0
1 6
0 4
9 3
0 6
4 11
8 6
9 8
3 1
11 8
2 4
9 7
7 2
8 10
7 5
1 9
11 10
10 0
0 11
10 10
6 10
3 8
0 7
4 1
9 10
7 9
5 6
7 10
11 9
5 3
0 1
2 3
0 3
6 2
6 5
4 4
9 9
6 7
7 8
4 8
1 2
