16 33 542
000000011000000
000000011000000
000000011000000
000000011000000
000000010001000
100000010001000
000000010001000
000000000001000
000000000001000
000000010001000
000000010001000
000000010000000
000000010000000
000000010000000
000000010000000
000000010000000
0000000000000000
0000000000000000
0000000000000000
0000000000000000
1111100000000000
0000000000000000
0000000010000000
0000000000000000
0000000000000000
0000000000000000
0000000011110000
1110000000000000
0000000000000000
0000000000000000
0000000000000000
15 8
5 3
13 5
1 8
13 8
13 2
2 10
11 3
10 0
1 10
12 8
1 4
8 6
2 9
5 1
1 7
0 13
1 12
1 13
8 7
15 3
11 11
5 13
7 5
8 11
14 11
10 6
0 12
12 3
14 3
13 15
3 10
9 2
