13 68 1587
100000000000
000000000000
000000000000
000000000000
001000000000
001000000000
001000000000
000000100000
000001100000
000001100000
000000100000
000000100000
000011100000
0000000000000
0000000000000
1111111111110
0000000000001
0000000000000
0000000000000
1110000000000
0000000000000
0000000000000
0000111000000
0000000000000
0000000000000
11 0
6 9
10 9
1 12
12 4
9 5
4 6
3 4
11 2
8 6
9 3
0 7
9 2
4 5
0 5
0 1
2 1
11 6
1 3
10 1
8 8
7 8
1 6
6 5
6 8
3 1
8 12
10 0
1 5
4 2
4 1
3 11
8 2
7 1
5 10
5 2
12 1
0 3
6 11
11 10
6 10
10 7
6 4
3 10
3 0
7 7
2 2
6 2
1 8
4 0
2 10
0 10
9 8
7 6
8 3
9 4
1 2
10 4
12 9
11 5
4 9
8 1
10 5
3 3
2 0
5 7
4 8
7 5
