17 232 5344
0000000000000000
0000000000000000
0000000000000000
0000000000000000
0000000000000000
0000000000000000
0000000000000000
0000000000000000
0000000000000000
0000000000000000
0000000000000000
0000000000001000
0000000000000000
0000000000000100
0000000000000100
0000000000000100
0000000000000100
00000000000000000
00000000000000000
00000000000000000
00000000000000000
00000000000000000
00000000000000000
11111000000000000
00000000000000000
00000000000000000
00000000000000000
00000000000001111
00000000000000000
00000000000000000
00000000000000000
11111000000000000
00000000000000000
11 4
13 0
9 5
0 9
14 12
16 13
12 15
8 2
15 10
15 15
2 1
11 11
13 10
15 4
11 15
1 5
13 1
16 6
3 12
13 7
2 7
4 5
16 1
0 13
7 7
4 13
2 13
6 16
14 10
4 1
14 7
15 9
15 7
3 6
2 0
16 4
2 4
10 7
3 9
15 6
16 9
3 8
11 7
8 10
0 3
5 3
11 5
3 4
7 15
7 14
9 1
4 6
6 15
7 10
10 6
8 7
15 8
10 4
7 12
10 9
7 3
2 9
11 16
1 7
6 8
11 14
1 3
6 10
13 15
9 3
2 2
10 8
3 3
10 11
1 11
10 3
3 13
14 0
3 10
16 14
4 11
11 6
16 2
5 9
12 0
7 13
9 6
8 6
12 6
2 5
11 3
4 8
12 16
15 5
10 0
4 12
12 9
11 2
1 15
16 5
9 0
7 6
8 0
10 15
9 2
10 5
10 2
5 4
16 12
3 15
1 6
12 12
13 6
6 14
12 10
12 3
0 16
13 3
8 9
14 13
13 11
4 15
11 13
5 11
12 13
15 11
1 0
12 8
0 2
3 14
8 13
12 14
9 13
15 0
3 7
8 1
4 4
16 7
9 10
1 8
15 13
16 3
7 11
2 16
1 2
5 14
6 3
5 15
0 8
0 1
15 12
12 1
4 9
16 11
9 15
1 12
14 16
13 2
10 13
10 14
1 4
14 6
12 2
14 1
10 10
2 8
0 7
2 3
2 10
0 0
5 1
13 12
3 2
9 7
0 5
5 5
2 12
3 5
10 1
15 2
8 5
11 0
0 15
13 8
16 16
6 0
7 8
9 14
0 11
12 4
12 7
8 12
0 12
13 16
2 11
5 12
7 9
2 15
14 9
4 14
3 0
7 4
4 3
6 2
6 1
5 2
16 0
8 4
8 15
6 7
9 8
0 14
5 13
5 16
2 14
5 7
16 10
2 6
13 4
1 9
9 16
14 15
13 5
5 10
7 1
12 5
9 9
13 13
8 8
4 0
15 1
0 4
