18 143 2311
00110000000000001
00110000000000001
10110000000000001
10110000000000001
10110000000000000
10110000000000000
10110000000000000
10100000000000000
10100000000000000
10000000000000000
10000000000000000
10000000000000000
10000001000000000
10000001000000000
10000001000000000
10000001000000000
10000001000000000
10000001000000000
000000000000000000
000000000000000000
000000000000000000
000000000000000000
000000000000000000
000000000111111111
000000000000000000
000000000000000000
000000000000000000
000000000000000000
000000000000000000
000000000000000000
000000000000000000
000000001110000000
000000000000000000
000000000000000000
000000000000000000
17 5
3 16
13 0
7 5
1 13
3 15
4 5
7 1
7 14
16 11
9 0
2 1
2 7
17 10
10 3
10 1
8 17
13 12
5 10
16 16
9 16
0 3
11 6
6 9
0 17
1 11
11 10
14 10
17 2
14 2
6 14
16 9
11 3
13 1
9 5
13 11
11 1
6 13
8 7
9 6
13 6
0 5
3 10
13 17
1 1
13 3
8 9
5 7
10 8
5 12
7 11
17 9
1 8
9 15
5 11
5 6
6 1
11 4
14 13
3 3
12 16
14 8
16 8
12 13
13 5
2 16
4 9
10 0
15 16
9 8
5 9
15 2
3 1
13 13
16 5
0 13
4 14
7 15
10 5
5 8
16 12
4 6
3 7
0 6
9 2
17 4
0 0
4 7
13 15
10 7
4 15
16 13
7 7
16 6
1 9
6 12
15 14
3 11
11 16
11 8
15 10
13 4
12 4
9 7
16 15
4 2
15 4
16 17
4 0
11 7
2 11
17 11
3 2
13 2
15 9
14 5
15 12
0 14
11 14
3 0
7 9
2 10
6 11
16 0
5 13
11 0
17 1
1 4
16 7
13 7
0 8
16 1
2 8
8 8
12 9
14 6
6 0
1 7
10 4
5 1
11 17
3 6
17 8
