12 92 1465
00001000000
00001000000
00001000000
00001000000
00001000000
00001000000
00001000000
00001000000
00000000000
00000000000
00000000000
00000000000
000000000000
000000000000
000000000000
000000000000
000000000000
000000000000
000000000000
000000000000
000000000000
000000000000
000000000000
8 9
11 9
8 5
11 1
5 8
9 11
6 3
4 0
7 8
1 11
10 4
10 1
0 6
10 0
10 8
2 4
4 2
7 9
4 10
6 11
6 8
11 3
3 3
0 8
2 0
1 2
0 4
3 9
3 5
8 3
11 6
7 10
4 6
4 9
0 3
5 11
5 1
7 4
1 4
8 4
0 2
11 2
1 5
11 5
4 5
0 11
2 9
8 1
7 1
9 8
10 11
3 8
3 0
11 4
11 7
9 9
7 11
10 7
4 7
2 10
8 0
0 10
10 5
3 1
1 6
3 10
0 0
10 3
5 3
6 10
8 6
2 5
0 7
1 3
11 8
1 10
8 10
10 2
8 2
1 0
2 2
4 1
9 3
10 9
5 10
6 1
1 8
7 2
3 11
7 6
5 0
2 6
