13 124 2152
000010000000
000010000000
000010000000
000010000000
000010000000
000010000000
000010000001
000010000001
000010000001
000010000001
000000000001
000000000001
000000000001
0000000000000
1000000000000
0000000000111
0000000000000
0000000001111
0000000000000
1100011111000
0000000000000
0000000000000
0000011111000
0000000000000
0000000111110
6 5
7 6
9 6
7 9
3 5
9 2
0 0
8 3
6 12
0 3
12 11
0 4
12 2
10 12
12 8
4 9
10 5
8 12
12 7
10 9
9 11
0 7
1 8
8 11
7 12
11 10
11 7
2 5
12 10
12 6
1 0
11 9
0 6
4 6
5 1
7 2
1 9
2 1
11 5
5 10
4 2
10 6
6 2
11 3
2 2
6 8
11 4
4 5
7 7
0 12
2 12
11 11
1 12
4 8
3 11
9 3
0 9
4 10
6 6
6 3
6 4
3 6
10 0
6 9
11 12
3 1
8 8
11 6
3 3
10 11
0 2
5 7
2 11
2 7
9 8
7 11
5 9
9 5
7 8
3 12
9 12
4 11
2 9
12 9
7 1
9 0
12 1
10 10
3 10
9 7
10 3
6 1
2 10
11 0
4 12
0 1
11 1
5 4
8 0
1 4
5 2
5 8
1 6
11 8
1 3
7 0
6 10
9 4
8 1
2 8
8 10
8 4
7 3
3 7
6 11
8 7
5 5
3 8
0 11
3 2
0 5
5 6
12 5
5 11
