18 34 671
10000000000000010
10000000100000010
10000000100000010
10000000100000000
10000000100000000
10000000100000000
10000000100000000
10000000100000000
10000010100000000
10000010100000000
00000010100000000
00000010100000000
00000110100000000
00000010100000000
00000010100000000
01100010100000000
01100011100000000
01000011100000000
000000000000000000
000000000000000000
000000000000000000
000000000000000111
011111000000000000
000000000000000000
000000000000000000
000000000000000000
000000000000000000
000000000000000000
011111100000000000
000000000000000000
000011100000000000
000000000000000000
000111100000000111
000000000000000000
000000000000111111
15 11
9 4
12 12
11 8
17 9
1 12
14 7
0 11
4 17
5 2
7 10
6 7
1 17
6 8
12 7
13 4
8 5
12 2
0 14
3 13
12 11
16 8
2 0
0 0
6 14
14 14
16 11
7 17
8 17
13 17
2 12
3 10
11 10
5 14
