18 262 7597
00000000000000000
00000000000000000
00000000000000000
00000000000000000
00000000010000000
10000110000000000
10000110000000000
10000110001000000
00000110001000000
00000110001000000
00000110001000000
00000110001000000
00001110001100000
00001100001100000
00001000001100000
00001000001100000
00001000001100000
00001000001100000
000000000000000000
000000000000000000
000000111111111111
000000000000000000
000011111111111111
000000000000000000
000000000000000000
111110000000000000
000000000000000000
000000000000000000
000000000000000111
000000000000000000
000000000000000000
000000000000000000
000000000000000000
000000000000000000
000000000000000000
5 9
3 12
11 2
16 2
15 16
10 5
10 13
15 11
7 13
4 16
13 7
16 9
1 3
4 7
6 17
17 11
14 6
11 3
13 1
9 6
16 1
16 15
12 4
11 5
12 2
5 15
4 14
7 0
7 12
17 12
9 5
15 5
10 15
8 14
0 7
4 0
7 17
10 11
17 7
0 13
15 2
3 9
5 17
8 8
1 0
16 0
12 0
3 1
14 17
0 12
6 4
15 6
3 16
7 3
12 16
11 8
6 13
9 13
7 15
13 14
0 17
17 2
2 10
5 5
6 0
8 13
14 1
7 9
1 14
2 1
14 2
12 7
8 5
8 11
12 13
5 16
3 13
15 12
1 7
10 8
5 4
15 1
17 5
6 7
1 4
2 16
11 11
16 6
17 13
13 15
6 11
9 16
12 11
5 1
0 4
1 6
3 11
9 3
17 1
13 8
13 9
17 3
10 6
1 12
12 6
12 9
12 8
13 11
17 4
4 6
13 6
11 14
2 15
17 6
16 7
3 0
10 14
5 8
2 12
2 14
8 0
5 13
9 0
14 5
14 11
15 13
2 11
6 16
15 4
9 4
6 12
8 7
12 14
9 15
2 4
13 0
4 1
12 1
15 17
16 5
7 1
6 8
2 3
13 3
13 4
16 13
7 4
17 10
0 10
12 5
1 11
16 17
17 16
10 2
16 11
10 4
4 5
8 9
11 9
0 9
11 1
7 7
2 9
1 1
8 3
2 17
10 3
0 11
16 12
5 12
7 16
11 13
14 13
15 8
5 11
17 15
11 4
3 10
7 11
11 7
14 10
9 12
10 12
14 7
8 6
11 17
6 10
12 3
12 12
9 2
10 0
13 16
16 8
4 13
13 17
17 17
12 10
7 14
7 8
9 1
6 6
4 3
15 15
0 1
6 9
1 9
8 1
2 13
13 10
4 17
15 14
14 8
6 14
4 2
16 3
14 0
16 4
9 17
0 2
10 9
14 15
11 0
0 14
6 15
6 2
2 5
5 10
4 12
1 16
3 15
11 12
16 10
11 6
2 8
2 2
6 3
14 9
4 4
1 10
9 10
3 6
15 9
8 15
15 10
17 14
17 0
6 1
2 0
1 17
5 0
3 4
12 15
6 5
7 6
11 16
14 14
14 16
16 14
10 7
7 10
16 16
4 10
