18 114 2245
00000000000000000
00000010000000000
00000010000000000
00000010000000000
00000010000000000
00000010000000000
00000010000000000
00000010000000000
00000010000000000
00000000000000000
00000000000000000
00000000000000000
00000000000000000
00000000000000000
00000000000000000
00000000000000000
00000010000000000
00000010000000000
000111111111111111
000000011111111101
000000011111100000
000000000000000000
000000011100000000
000000000000000000
000000000000000000
000000000000000000
000000010000000000
000000000111111111
000000000000000000
110000000000000000
000000000000000000
000000000000000000
000000000000000001
000000000000000000
000000000000000000
7 4
11 1
2 10
2 6
2 5
4 7
6 15
5 3
15 10
2 17
12 17
16 5
17 11
10 7
2 4
14 9
13 8
9 14
13 9
7 16
7 2
11 14
5 15
3 13
11 15
17 9
7 8
12 15
13 12
4 12
3 2
17 12
8 14
2 15
17 2
10 12
1 16
1 10
12 1
14 7
15 15
16 1
16 3
3 4
13 16
15 2
5 6
7 13
10 14
17 17
9 12
7 0
4 13
7 9
5 17
6 7
5 5
16 12
17 1
5 8
12 3
13 0
13 1
17 16
14 11
14 4
8 1
2 11
9 3
7 5
10 8
10 5
6 4
9 5
14 1
5 0
6 16
0 12
12 16
16 0
1 17
1 13
2 3
4 16
2 14
4 4
13 2
10 16
6 2
9 17
0 10
5 14
16 4
6 5
4 15
16 6
3 11
15 3
14 10
8 13
8 9
4 1
5 7
6 6
0 13
9 8
4 17
0 15
17 13
7 15
17 7
9 11
0 0
3 14
