17 61 1781
0000000000000000
0000000000000000
0000000000000000
0000000000000000
0000000000000000
0000000000000000
0000000000000000
0000000000000000
0000000000000000
0000000000000000
0000000000000000
0000000000000000
0000000000000000
0000000000000000
0000000001000000
0000000001000000
0000000001000000
00000000000000000
00000000000000000
00000000000000000
00000000000000000
00000000000000000
00000000000000000
00000000000000000
00000000000000000
00000000000000000
00000000000000000
00000000000000000
00011111111111111
11111111110000000
00000111110000000
00000000000000000
00000000000000000
4 16
8 12
2 2
4 12
5 12
16 6
12 0
11 13
14 10
15 16
1 1
14 3
3 4
6 14
0 11
11 4
4 8
12 1
7 4
12 13
10 4
5 10
16 9
9 2
10 14
15 10
8 1
7 7
8 6
2 3
16 15
12 4
10 9
15 15
8 3
1 6
1 5
16 4
8 16
13 1
11 5
2 10
10 13
15 14
16 7
14 4
12 2
12 11
16 10
14 13
10 7
15 13
8 10
4 3
5 3
11 9
14 11
3 14
0 9
5 14
16 16
