13 35 546
100000000000
000000000000
000000000000
000000000001
000000000001
000000000001
000000000001
000000000011
000000000011
000000000011
000000000011
000000000011
000000000011
0000000000000
0000000000000
0000000000000
0000000000000
0000000000000
1111111100000
0000000000000
0000000000000
0000000000000
0000000000000
0000000000000
0000000000000
7 12
1 11
5 0
9 9
12 1
1 9
8 5
4 9
10 8
6 8
3 9
11 12
11 5
5 1
2 5
6 0
5 12
0 0
8 3
0 9
7 9
0 3
11 4
10 6
6 7
12 8
7 10
7 1
8 12
9 6
8 0
5 8
8 7
2 7
11 0
