14 157 3447
0000000000001
0000000000001
0000000000000
0000000000000
0000000000000
0000000000000
0000000000000
0000000000000
0000000000000
0000000000000
0000000000000
0000000000000
0000000000000
0000000000000
00000000000000
00000000000000
00000000000000
11111111111110
00000000000000
00000000000000
00000000000000
00000000000000
00000000000000
00000000000000
00011111111111
00000000000000
00000000000000
1 5
5 3
0 5
9 0
12 2
3 0
3 10
6 0
13 2
10 9
2 9
3 7
13 1
2 3
11 3
1 13
0 11
9 11
4 3
7 11
13 7
3 5
7 12
6 1
2 1
13 12
9 12
2 13
7 0
0 13
10 4
11 12
5 9
12 7
0 7
7 9
4 1
0 9
10 13
13 11
6 5
5 1
13 0
4 9
8 12
1 6
0 0
9 7
5 13
0 2
10 6
11 10
0 1
0 3
1 9
0 12
0 6
2 2
1 7
6 6
11 2
3 4
7 5
3 8
5 2
7 7
13 9
1 4
2 4
2 8
8 1
7 8
6 13
8 7
9 9
10 3
8 8
10 0
12 10
11 8
8 0
11 13
9 6
11 6
4 8
4 0
8 5
5 8
11 7
5 10
4 10
13 6
5 11
7 13
3 11
12 9
1 10
4 5
2 7
7 2
1 12
6 4
12 4
3 1
1 3
6 2
10 2
11 4
2 6
4 7
11 1
8 13
5 0
3 3
2 12
8 10
0 4
12 3
9 10
9 8
1 11
6 11
4 2
2 0
5 6
3 9
7 1
7 4
12 0
1 0
12 13
1 2
6 9
4 6
5 12
11 5
5 4
9 2
5 5
13 10
4 12
11 0
9 4
13 4
11 11
8 2
1 1
6 8
12 8
9 3
7 6
10 10
6 10
8 11
12 6
4 11
8 3
