18 185 4594
00000000000000000
00000000000000000
00000000000000000
00000000000000000
00000000000000000
00000000000000000
00000000000000000
00000000000000000
00000000000000000
00000000000000000
00000000000000000
00000000000000010
00000000000000010
00000000000000000
00000000000000000
00000001000000000
00000001000000000
00000001000000000
000000000000000000
000000000000000000
000000000000000000
000000000000000000
000000000000000000
000000000001111111
000000000111111111
000000000000000000
000000000000000000
000000000000000000
000000000000000111
000000000000000000
000000000000000000
111100000000000000
000000000000000000
000000000000000000
000000000000000000
13 10
1 16
14 12
10 15
3 14
15 1
1 12
9 14
8 13
5 8
6 7
9 15
7 12
12 12
11 2
13 13
3 10
13 3
13 16
4 11
7 6
1 9
2 8
8 14
2 10
7 5
14 14
14 0
2 9
4 3
15 12
1 6
7 7
12 6
17 5
11 11
1 3
7 1
12 0
13 0
3 6
6 14
15 0
2 7
2 2
17 12
6 1
15 9
15 3
4 7
8 11
7 3
16 15
15 14
5 2
15 16
6 16
9 0
13 2
11 10
17 9
12 15
14 17
7 14
9 16
10 6
3 8
10 16
16 16
10 11
0 13
11 5
11 6
12 11
13 15
0 6
1 13
3 7
5 5
16 2
3 13
10 7
15 10
8 4
8 7
2 16
7 17
4 15
14 8
17 8
16 0
9 4
4 4
5 9
4 2
6 2
16 4
5 15
14 6
6 6
11 17
9 17
16 7
0 7
12 3
1 0
3 2
10 1
13 4
3 11
11 12
5 6
0 10
3 17
5 1
1 17
7 16
4 12
6 11
4 1
10 3
7 10
14 9
2 5
12 1
15 17
16 11
17 16
11 3
4 9
0 15
4 17
4 8
12 14
8 6
9 2
1 10
9 3
1 15
17 15
14 16
14 13
4 13
7 15
4 0
1 11
2 6
14 15
11 15
8 3
11 1
0 11
10 17
1 4
13 8
8 1
10 10
7 2
9 6
10 14
8 8
2 4
14 11
9 7
5 13
16 8
2 14
15 2
0 8
12 13
11 0
14 4
15 11
13 7
14 7
5 16
16 12
0 17
9 8
5 7
9 1
0 4
16 5
17 11
6 17
