15 51 1818
00000000000000
00101000000000
00101000000000
00101000000000
00101000000000
00101000000000
00101000000000
00101000000000
00101000010000
00101000110100
00100000000000
10000000000000
10000000000000
10000000000000
00000000100000
000000000000000
000000000000000
000000000000011
000000000000000
110000000000000
000000000000000
000000000111111
000000000000000
000000000000000
000011111111111
111111111110000
000000000000000
011111111100000
001111111000000
2 14
13 7
13 4
14 0
8 8
0 10
8 4
4 12
5 1
5 6
5 0
3 11
13 3
11 7
11 3
8 6
1 3
6 9
2 9
13 13
8 7
10 8
0 5
7 1
12 14
10 10
2 8
7 11
4 10
2 12
10 11
6 2
1 13
5 4
9 0
11 6
4 1
12 6
3 9
6 5
2 13
7 10
3 10
9 5
10 3
6 1
6 12
10 1
12 3
4 6
5 13
