20 247 8292
0000000000000000000
0000000000000000000
0000000000000000000
1100000000000000000
1100000000100000000
1100010100100000000
1100010110100000000
1100010110100000000
1100010110100000000
1100010110100000000
1100010110100000000
0000000110000000000
0000000110010000000
0000000110010000000
0000001110010000000
0000001110010000000
0000001110010000000
0000001110001000000
0000001110001000000
0000001110000000000
00000000000001111111
00000111111111111111
11111110000000000001
00000001111111111111
00000111000000000000
00000000000000000000
00000000000000000000
00000000000000000000
00000000000000000000
00000000000000000000
00000000000000000000
00000000000000000000
00000000010000000000
00000000000000000000
00000000000000000000
00000000011000000000
00000000000111111111
00000000000000111111
00000000000000000000
17 1
2 17
12 9
13 8
5 19
6 11
5 5
11 18
10 8
1 14
12 14
5 4
0 3
6 8
9 3
1 5
1 13
15 17
6 4
7 0
16 18
7 6
15 18
1 8
14 8
3 15
6 15
2 4
2 19
19 7
10 6
15 8
14 16
3 0
3 4
14 2
2 12
3 2
10 9
16 14
7 15
5 3
2 8
3 13
19 19
9 14
8 15
10 12
19 11
12 1
13 13
9 2
13 4
2 5
19 17
17 15
5 16
10 19
13 2
4 11
12 13
19 12
19 18
6 17
3 1
10 5
10 3
18 14
4 8
19 3
12 12
11 7
8 10
1 2
6 10
9 6
7 2
12 6
14 1
3 19
2 7
15 11
16 1
5 13
13 12
0 7
12 11
0 2
0 6
1 3
10 10
4 7
9 16
11 8
2 9
17 10
8 7
16 0
18 8
12 10
4 14
0 5
6 13
9 18
2 14
12 16
8 12
18 13
16 15
10 16
1 0
4 16
13 10
3 12
14 6
8 16
7 12
9 10
6 6
7 11
1 10
13 9
0 0
14 17
2 2
12 17
11 17
0 8
5 6
17 0
15 7
4 15
16 5
19 5
9 17
19 14
18 11
11 11
5 2
13 3
14 4
18 6
18 18
11 4
13 1
9 8
15 9
1 1
1 4
16 12
11 14
3 9
16 2
18 10
15 0
3 16
12 8
16 10
15 2
17 3
3 18
8 14
13 17
9 0
16 4
10 13
4 17
0 11
17 18
16 17
11 10
10 11
19 6
8 13
9 15
14 12
10 1
19 2
14 5
3 7
8 4
0 1
5 10
9 13
17 13
8 11
10 14
8 5
17 4
18 16
15 5
18 1
19 15
4 18
9 4
18 9
15 4
8 3
9 7
8 0
4 9
19 10
7 14
15 12
9 11
11 0
15 14
13 16
6 9
18 5
5 14
4 0
0 19
17 8
1 17
4 2
5 9
2 6
16 19
4 5
6 3
4 6
0 17
4 10
9 9
3 6
13 0
16 7
14 0
10 2
7 1
16 6
15 19
11 13
0 9
11 1
15 10
11 16
11 19
2 0
17 11
18 2
11 15
18 19
8 8
7 4
13 11
