13 76 1566
000000000000
000000000000
011000000010
011000000010
011000000010
011000000010
111000000010
111000000010
111000000010
111000010010
111000010010
111000010010
111100010000
0000000000000
0000001111111
0000000000000
0000000000000
0001100000000
0000000000000
0001111000000
0001111111000
0000000000000
0000000000000
0000000000000
0000000000000
0 7
5 11
10 10
4 6
3 6
0 0
7 11
12 10
5 2
7 1
11 7
9 2
6 7
2 1
4 0
2 9
2 4
3 3
5 5
0 8
4 2
12 9
3 8
1 6
11 10
1 7
6 10
3 1
6 11
4 11
3 11
12 0
6 12
7 9
1 9
3 10
2 3
1 11
2 2
12 6
11 9
5 10
11 4
12 4
9 9
12 3
1 1
2 0
0 12
5 7
5 6
3 4
7 6
5 3
5 12
3 9
12 2
0 2
11 6
0 1
10 0
7 7
12 12
4 8
8 9
12 8
0 9
7 0
4 5
4 10
2 7
8 12
11 0
10 4
12 7
0 10
