12 58 1254
00000000000
00000000000
00000001000
00000001000
00000001000
00000011000
00000011000
00000011000
00000011000
00000011000
00000011000
00000011000
011111111111
000000000000
111111100000
111111100000
000000000000
000000000000
111110000000
000000000000
111110000000
000000000000
000000000000
0 4
6 8
5 10
5 11
11 7
3 1
11 11
2 4
1 3
8 10
1 7
9 7
1 2
6 4
7 2
8 0
3 5
11 9
5 5
8 1
1 11
6 6
11 3
11 10
9 1
5 7
9 2
4 9
5 2
0 5
10 8
3 10
4 0
10 10
4 2
4 8
8 7
7 8
7 11
3 11
9 3
1 0
11 8
11 6
3 3
2 10
5 9
2 0
1 8
10 6
8 5
7 9
1 4
3 2
7 6
10 9
2 3
7 10
