15 206 4846
00000000000000
00000000000000
01000010011000
01000010011000
00000010011000
01000000011000
01000000011000
01000000011000
01000000011000
01000000001100
01000000001100
01000000000100
01000000000100
01000000000100
00000000000100
111110000000000
111111111111100
000000000000000
000000000000000
000011100000000
000000000000000
000000000000000
000000000000000
000000000000000
000000000000000
000000000000000
000000000000000
000011111111000
011111111111000
14 8
11 10
3 12
3 2
8 10
9 7
1 8
13 1
7 6
9 4
1 5
10 1
9 2
1 0
8 13
1 11
2 3
13 2
7 4
12 4
12 10
8 11
5 13
2 4
3 13
3 4
11 1
2 13
13 10
7 0
7 5
4 0
13 0
1 1
3 5
0 13
0 10
6 6
12 1
11 14
13 6
5 4
3 0
4 7
4 6
7 12
9 0
6 1
2 12
3 3
4 8
4 9
12 13
0 7
5 14
1 7
6 4
6 13
12 7
9 3
5 12
6 0
9 5
12 6
0 2
0 0
10 7
14 14
6 8
5 7
8 7
9 10
11 0
2 1
8 6
6 7
1 6
3 11
11 12
2 0
7 3
3 6
5 10
10 13
0 1
13 11
0 6
7 10
11 3
13 9
11 5
5 8
9 6
2 5
4 4
8 0
11 2
2 14
6 9
2 6
4 10
1 13
6 14
4 5
6 5
7 7
8 2
4 14
10 10
2 7
4 13
5 5
14 7
8 3
12 9
10 8
14 12
7 2
12 12
14 2
1 3
13 8
4 11
10 12
7 13
13 12
14 10
2 11
11 6
5 3
5 6
3 1
10 2
10 0
4 1
6 3
8 9
4 3
0 5
8 12
0 14
0 8
13 7
10 9
12 8
12 0
9 14
5 0
6 11
1 4
14 13
6 12
4 12
8 4
1 10
10 11
10 5
12 11
12 14
0 4
6 2
11 9
5 2
4 2
8 5
9 9
11 13
14 1
9 11
1 9
2 10
14 11
0 3
5 9
1 14
2 2
7 9
13 14
14 3
14 4
2 9
8 14
10 6
7 1
12 2
3 7
12 5
13 4
8 1
1 2
11 8
0 12
5 1
3 14
14 9
3 10
9 8
9 12
10 14
0 11
12 3
3 9
2 8
7 11
13 3
11 11
