19 63 1503
010010000010000100
000000000000000100
000000000000000100
000000000000000100
000000000000000100
000000000000000100
000000000000000100
000000000000000100
000000000000000100
000000000000000000
000000000000000000
000000000000000000
000000000100000000
000000000100000000
000000000100000000
000000000100000000
000000010100000000
000000010100000000
000000010100000000
0000000000000000000
0000000000000000000
0000000011111111100
0000000000000000000
1111111111000000000
0000000000000000000
0000000000000000000
0000000000000000000
0000000000000000000
0011111111111111111
0000000000000000000
0000000000000000000
0000000000000000000
1110000000000000000
0000000000000011111
1100000000000000000
0000000000000000000
1000000000000000000
15 4
17 10
13 15
7 12
10 16
10 5
16 17
12 3
13 14
11 10
1 0
1 2
13 7
1 5
16 14
12 6
10 1
17 18
10 0
3 12
8 0
8 17
9 11
6 2
3 5
17 12
13 13
7 10
0 5
18 5
3 6
10 11
14 1
2 14
0 10
10 7
4 2
2 15
6 11
15 5
0 17
4 12
2 0
2 8
10 12
7 8
16 7
18 2
11 18
18 1
4 1
15 16
0 16
9 10
12 8
18 18
12 4
9 17
11 0
15 11
15 6
17 3
11 13
