15 166 3474
00000000000000
00100000000000
00100000000000
00100000000000
00100000000000
00100000000000
00100000000000
10100000000000
10100000000000
10100000010000
10100000010000
10100000010000
10100000010000
10100000000000
10100000000000
000000000000000
000000000000000
000000000000000
000000011111111
000000000000000
000000000000111
000000000000000
000000000000000
000000000111111
000000000000000
000000000000000
000000000000000
000000000000000
000000000000000
12 10
4 0
3 6
1 6
2 10
1 8
5 8
4 11
1 2
14 12
11 13
2 12
1 7
7 14
4 9
11 4
8 0
14 6
8 11
6 4
7 13
12 7
4 8
8 3
11 7
10 7
10 4
6 7
8 13
9 4
14 10
4 1
3 1
5 4
7 1
9 5
2 14
8 10
0 8
10 10
13 4
14 2
4 14
14 1
10 6
11 3
7 9
9 8
8 5
8 2
9 14
10 0
12 5
6 13
10 9
0 6
2 1
7 4
1 4
9 9
1 0
3 8
6 8
13 8
0 2
1 10
7 2
12 13
3 10
3 7
3 0
10 2
13 7
1 11
10 12
3 11
12 14
13 11
4 2
1 3
0 1
9 7
0 12
9 10
11 10
6 11
3 12
1 14
7 10
11 8
14 7
7 6
5 13
6 1
12 3
9 3
7 11
14 13
2 7
0 5
9 1
13 0
12 2
12 4
4 13
14 9
13 1
10 3
7 3
13 9
9 2
5 7
7 5
12 1
13 2
8 1
5 10
11 9
11 11
3 9
9 6
4 7
10 8
8 8
5 6
14 4
10 11
7 0
7 7
10 5
11 14
13 6
1 1
0 7
10 14
12 8
14 8
13 13
6 0
10 13
11 2
12 0
12 6
1 9
7 12
0 3
8 7
13 14
4 3
0 13
11 5
6 12
0 4
3 4
10 1
9 13
6 14
11 1
5 11
3 3
5 14
2 4
11 6
12 9
3 5
4 6
