20 203 5976
0000000000000000000
0000000000000000000
0000000000000000000
0000000000000000000
0000000000000000000
0000000000000000000
0000000000000000000
0000000000000000000
0000000000000000000
0000001000000000000
0000001000000000000
0000001000000000000
0000001000000000000
0000000000010000000
0000000000010000000
0000000000010000000
0000000000010000000
0000000000010000000
0000000000010000000
0000000000000000000
00000000000000000000
11111110000000000000
00000000000000000000
00000000000000000000
00000000000000000000
00000000000000000000
00000000000000000000
00000000000000000000
00000000000000000000
00000000000000000000
00000000000000000000
00000000000000000000
00001111111111111111
00000000000000000000
00000000000000000000
00000000000000000000
00011111111100000000
00000000000000000000
00000000000000000000
14 0
13 3
17 17
8 9
7 7
0 18
5 14
13 13
6 1
1 8
13 0
2 16
8 17
8 12
12 12
7 9
10 12
18 9
11 9
0 2
8 3
18 14
18 8
0 12
4 0
4 4
5 18
8 0
18 2
2 5
12 17
18 4
5 6
1 18
14 17
18 12
6 3
17 14
5 4
16 0
8 14
0 16
12 18
4 5
8 2
15 8
14 18
15 10
3 1
0 7
15 14
19 14
8 13
2 11
0 5
15 4
18 16
15 5
3 5
9 4
19 5
7 15
7 14
7 19
10 18
1 7
16 12
3 16
2 12
8 8
6 7
17 8
19 6
18 3
9 14
18 15
9 3
5 1
4 3
13 16
2 6
1 17
12 4
11 4
0 0
14 12
9 5
10 3
7 11
13 11
17 11
13 1
3 9
11 15
6 8
16 2
11 19
2 0
9 1
11 5
12 9
14 8
9 2
11 14
10 14
5 16
9 18
8 15
10 7
3 19
12 11
6 17
14 9
5 9
18 6
10 19
11 3
19 9
15 16
12 0
2 9
15 18
12 6
14 13
19 15
3 4
1 15
7 4
9 19
19 16
15 12
11 17
10 11
2 13
19 3
18 19
1 16
4 11
7 2
9 17
3 0
14 11
4 2
6 4
3 18
15 7
10 6
9 13
13 18
0 9
9 11
12 19
6 12
18 11
5 5
17 5
7 6
6 19
18 1
0 11
6 15
19 12
16 9
0 13
10 16
9 15
3 10
17 12
15 11
5 0
4 7
16 18
3 6
19 0
11 18
13 19
1 6
4 13
6 16
13 2
4 16
0 19
11 1
16 5
14 14
2 18
16 1
5 19
7 5
4 14
6 10
14 6
12 2
5 7
16 6
15 3
7 13
10 10
7 0
8 7
2 2
0 1
16 11
