11 64 1083
0001000010
0001000000
0001000000
0001000000
0001000000
0001000000
0001000000
1001000000
1001000000
0000000001
0000000001
11001110000
00000000000
11000000000
00000000000
00000000000
00000000000
01110000000
00000000000
00000000000
00000000000
7 8
6 5
0 6
7 3
6 4
4 5
2 0
2 3
2 9
6 0
5 0
7 4
5 9
3 0
10 7
4 9
2 10
4 6
2 8
4 8
7 6
7 7
10 0
1 2
0 1
6 3
6 7
8 7
4 0
6 9
9 10
3 5
7 1
8 9
5 6
9 7
2 2
0 5
0 2
2 5
3 8
3 2
2 7
4 7
0 3
0 9
8 2
1 1
10 10
3 9
1 0
2 1
3 6
4 1
8 3
9 8
9 9
3 1
8 10
7 9
1 5
10 9
8 6
4 4
