19 82 1770
100000000000001000
100000000000000000
100000000000000000
100000000000000000
000000000000000000
000000000000000000
000000000000000000
000000010000010000
000010000000010000
000010000000010000
000010000000000000
000010000000000000
010010000000000010
010010000000000010
010010000000000010
010010000000000010
010010000000000010
010010000000000010
010010010000000010
0000000000000000000
0000000000000000000
0000000000000000000
0000000000000000000
0000000000000000000
0000000000000000000
1111111111111111100
0000000011111000000
0000000000000000000
0000000000000011000
0000000000000000000
0000011111000000000
0000000000000000000
0000011111100000000
0000000000000000000
0000000000000000000
0000000000000000000
0000000000000000000
0 6
13 18
9 0
7 7
18 18
12 17
15 6
10 3
18 13
3 9
13 12
8 15
1 7
3 3
18 7
16 6
3 15
2 18
15 2
12 8
3 18
16 3
5 4
18 12
5 18
15 14
13 4
11 17
7 14
0 8
17 17
16 18
0 12
14 17
11 6
11 13
2 8
16 2
11 16
16 11
17 18
17 5
18 9
5 11
2 9
0 13
18 8
3 12
12 5
4 14
18 14
10 2
5 12
1 13
17 9
5 14
13 15
7 1
10 18
0 7
3 2
12 3
14 6
16 9
12 6
16 17
6 15
6 5
3 5
7 0
10 7
0 4
2 4
8 4
9 2
8 1
16 1
16 16
11 11
4 9
6 12
0 10
