18 205 6327
00110000000000000
01110000000000000
01110000000000000
01110000000000100
01100000000000100
01100000000000100
01100000000000100
00000000000000100
00000000000000100
00000000000000100
00001000000000100
00001000000000100
00000000000000100
00000000000000000
00000000000000000
00010000000000000
00010000000000000
00000000000000000
001000000000000000
000000000011111111
000000000000000000
000000000000000001
000000000000000000
000000000000000000
000000000000000000
000000000000000000
000000000000000000
001111111111111000
000000000000000000
000000000000000000
000111111111111111
000000000000000000
111111110000000000
000000000000000000
000000000000000000
12 10
4 6
7 7
11 7
5 5
10 2
13 12
12 9
7 14
13 11
9 16
14 17
10 4
17 7
15 2
14 9
15 17
11 9
8 13
7 1
14 1
6 14
17 11
13 8
14 5
16 6
0 6
5 14
1 14
7 15
9 9
7 2
8 10
1 10
5 6
5 13
3 15
5 16
11 3
2 9
15 10
2 4
7 4
15 4
17 1
11 5
10 12
0 12
11 15
12 8
4 3
0 16
13 9
3 3
12 2
14 0
15 6
7 17
11 8
4 7
2 14
8 0
6 0
10 6
16 8
3 7
5 8
1 6
12 1
11 1
4 13
11 0
16 2
4 2
7 0
16 7
9 0
0 17
0 15
1 3
14 2
10 8
6 13
4 12
13 15
1 4
17 15
4 11
17 12
11 12
5 0
13 5
7 9
9 10
1 9
9 17
9 5
3 12
0 0
8 16
16 13
10 17
14 10
16 0
16 11
4 5
6 2
13 16
10 15
1 16
7 10
6 5
13 1
12 14
2 12
7 3
6 16
13 13
10 13
3 0
3 1
8 11
6 10
11 16
11 4
3 14
16 12
13 14
15 12
7 8
4 10
17 4
12 11
2 8
2 10
0 2
0 10
10 0
11 10
16 16
6 7
10 16
4 17
2 15
4 15
7 12
14 14
14 16
1 0
12 17
3 6
16 10
6 15
13 2
16 3
16 5
15 16
5 1
5 2
17 3
12 0
7 6
9 8
16 17
15 8
5 7
16 15
1 11
9 12
0 9
6 1
12 13
0 7
8 5
0 4
2 3
16 1
8 3
13 0
0 11
10 11
8 12
8 1
1 15
11 17
10 5
0 14
3 16
9 4
1 1
15 0
11 6
14 4
9 14
17 5
1 12
4 14
5 9
4 1
9 1
14 15
12 15
2 5
6 11
13 3
