20 48 1234
0000000000000001001
0000000000000001001
0000000000000001001
0000000000000001001
0000000000000001001
0000000000000001001
0000000001000001001
0000000001000001000
0000000001000001000
0000000001000001000
0000000001000001000
0000000001000000000
0000000001000000000
0000000001000000000
0000000001000000000
0000000001000000000
0000000001000000000
0010000001000000000
0010000001000000000
0000000001000000000
00000000000000000000
00000000000000000000
00000000000000000000
00000000000000000000
00000000000000000000
10000000000000000000
00000000000000000000
00000000001110000000
00000000000000000000
00000000000000000000
00000000000000000000
00000000000000000000
00000000010000000000
00000000000000000000
00000000000000000111
00000000000000000000
00000000000000000000
00000000000000000000
00011111110000000000
8 6
18 19
0 7
16 0
3 9
12 0
12 13
4 2
0 11
18 11
2 6
6 12
0 13
17 19
18 13
3 13
13 12
13 14
5 17
5 4
10 19
7 9
5 19
2 15
1 19
13 10
10 1
16 10
8 17
2 11
16 13
9 5
9 4
17 16
12 18
10 12
6 16
0 19
19 3
6 4
6 11
17 18
14 14
13 11
19 10
9 15
9 1
5 0
