12 102 1778
00000000000
00000000000
00000000000
00000000000
00000000000
00000010000
00000010000
00000010000
00000000000
00000000000
01000100000
01000100000
000000000000
000000000000
000000000000
000000111111
001111111111
000000000001
111110000000
000000000000
000000000000
000000000000
000000000000
10 6
2 3
8 9
3 10
10 10
7 9
2 4
3 9
2 2
11 1
7 3
9 7
3 3
1 10
9 1
9 0
1 1
1 0
10 9
8 11
10 7
1 2
5 3
8 0
2 8
5 7
5 1
1 5
11 2
1 3
6 4
5 11
10 2
2 1
8 7
8 1
3 8
4 4
10 5
9 5
0 0
0 6
3 4
5 2
6 11
6 0
1 4
8 6
10 4
8 3
7 1
11 7
2 9
9 11
4 7
7 2
10 0
9 10
11 5
6 2
4 3
1 7
7 4
3 1
3 0
11 10
3 6
5 5
4 5
7 8
0 8
9 4
10 11
9 3
11 6
8 8
9 2
6 6
7 10
4 9
2 10
0 3
0 11
4 0
3 7
6 5
5 10
6 1
0 4
8 10
11 9
0 5
7 6
0 2
9 9
1 9
0 10
2 6
6 7
10 1
5 8
1 6
