17 139 4392
0000001001010000
0000001001010000
0000001001000100
0000001001000100
0000001001000100
0000001001000100
0000000000000100
0000000000000100
0000000000000100
0000000000000100
0100000010000100
0100000010000100
0100000010000100
0100000010000100
0000000000000100
0000000000000100
0000000000000100
00000000000000000
00000000000000000
00000000000000000
00000000000000100
00000000000000000
00000000000000000
00000000000000000
00000000000000000
00000000000000000
11111111111000000
00000000000000000
00000000000000000
00000000000000000
00000000100000000
00000000000011000
00000000000000000
6 8
6 9
5 13
13 5
15 1
2 9
1 16
3 12
0 14
9 4
5 14
15 14
12 1
10 10
9 2
15 12
14 14
0 5
4 10
0 8
0 16
5 4
2 13
12 16
2 16
12 9
13 12
9 11
14 4
14 11
5 6
8 12
11 13
8 7
6 4
0 2
6 1
1 2
6 3
3 13
15 13
9 15
15 4
16 7
9 10
11 12
12 11
0 7
16 1
11 6
5 15
16 12
10 0
5 7
8 4
9 16
10 9
6 5
0 12
6 13
11 0
1 9
11 7
6 16
0 4
5 2
3 8
5 0
8 3
10 11
2 4
15 7
14 13
10 5
15 0
16 10
11 1
8 1
2 10
7 11
10 13
1 15
14 1
7 15
10 16
5 11
3 16
3 3
11 9
15 3
10 4
16 11
7 10
2 1
1 14
5 3
14 3
4 3
12 12
12 5
1 3
4 4
2 2
11 14
7 4
16 0
4 2
14 10
2 3
2 11
12 14
13 13
11 10
0 15
13 2
13 4
6 0
13 14
12 10
8 2
2 14
2 7
14 2
12 13
14 12
13 7
14 16
9 8
0 13
3 10
10 1
8 14
9 0
4 13
0 11
11 8
3 6
6 7
15 2
