13 74 988
000000100000
000000000000
000000000000
000000000000
000000000000
000000000000
000000000000
000000000000
000000000000
000000000000
000000000000
000000000000
000000000000
0000000000000
0000000000000
0000000000000
0000000000000
0000000000000
0000000000000
0000000000000
0000000000000
0000000000000
0000000000000
0000000000000
0000000000000
1 8
5 9
12 8
3 9
10 8
5 5
6 12
11 10
7 5
2 5
10 9
3 5
1 11
4 9
9 8
9 3
7 8
4 3
11 11
6 1
8 6
4 12
0 4
8 4
12 7
9 2
11 5
3 8
0 1
5 12
12 4
3 4
1 4
2 1
11 6
0 5
2 6
8 3
6 11
8 2
5 3
10 11
3 2
7 10
12 3
4 1
1 9
0 12
0 10
5 6
3 7
9 9
10 4
11 1
0 3
8 7
9 5
10 1
3 0
2 3
11 3
6 3
4 10
10 10
1 5
0 0
7 1
6 7
2 12
10 6
8 9
1 0
12 0
10 5
