11 75 951
0000000000
0000000000
0000000000
0000000000
0000000000
0000000000
0000000000
0000000000
0000000000
0000000000
0000000000
00000000000
00000000000
00000000000
00000000000
00000000000
00000000000
00000000000
00000000000
00011111111
00000000000
9 8
4 6
2 10
10 9
2 4
6 9
10 6
9 3
3 3
7 5
6 6
8 2
6 5
10 0
0 9
2 2
2 5
7 2
6 8
4 1
7 4
7 6
5 10
9 4
1 7
7 10
9 6
8 4
2 0
4 5
9 9
10 10
9 1
5 3
3 5
1 1
3 2
0 5
4 4
7 8
0 8
3 4
9 0
6 2
0 6
10 8
3 8
7 3
5 1
1 9
6 10
6 0
7 9
9 10
5 2
8 6
8 5
10 7
5 8
8 1
9 5
6 4
6 7
8 0
2 1
5 0
1 4
5 6
1 6
8 9
6 1
10 2
4 0
4 3
5 9
