11 91 864
0000000000
0000000000
0000000000
0000000000
0000000010
0000000010
0000000010
0000000010
0000000010
0000000010
0001000010
00000000000
00000000000
00000000000
00000000000
00000000000
00000000000
00000000000
00000000000
00000000000
00000000000
8 9
1 6
6 7
5 4
9 2
3 1
0 4
9 0
6 10
5 8
2 0
6 3
4 0
7 6
9 1
1 10
9 8
6 0
7 1
10 5
3 5
8 7
4 9
3 3
3 6
1 5
8 6
9 5
2 7
6 5
3 9
9 4
8 10
5 6
0 6
2 5
8 1
10 4
4 2
7 10
3 8
2 8
10 8
6 9
7 4
1 4
6 8
3 7
1 9
8 8
6 6
9 10
4 1
1 2
0 9
9 6
7 2
0 8
0 2
2 9
4 6
2 3
8 4
3 0
1 0
3 10
0 0
5 3
4 3
10 10
0 5
9 7
4 4
5 2
10 1
0 1
10 3
2 4
5 9
0 10
0 3
4 10
5 7
7 3
8 0
7 0
5 0
5 5
1 7
9 3
2 10
