12 132 1730
00000000000
00000000000
00000000000
00000000000
00000000000
00000000000
00000000000
00000000000
00000000000
00000000000
00000000000
00000000000
111111111100
111111110000
000000000000
000000000000
000000000000
000000001111
111111111100
000000000000
000000000000
000000000000
000000000000
0 8
1 7
11 5
0 3
9 0
0 5
7 2
2 10
11 10
8 3
0 0
4 8
3 2
3 5
10 11
4 6
4 1
3 9
3 1
11 8
4 3
0 4
3 10
11 1
7 10
8 6
11 0
3 3
2 8
9 10
7 4
5 0
6 5
2 5
6 10
0 7
1 8
2 1
9 4
6 1
6 2
4 7
6 7
5 4
2 11
0 1
0 10
9 1
8 8
9 7
2 7
10 0
11 2
9 3
5 6
11 4
2 6
1 5
4 5
7 7
9 8
11 11
7 3
9 9
10 5
5 7
1 10
3 4
2 2
10 4
6 4
1 11
3 6
3 7
4 11
11 3
7 0
11 9
0 6
1 6
7 11
5 8
3 11
2 3
10 9
3 0
0 11
6 3
9 11
5 5
5 2
4 4
4 2
0 2
4 10
9 2
8 7
5 11
1 3
8 4
10 6
8 9
8 2
7 1
10 10
7 5
2 4
3 8
10 7
2 9
1 2
4 9
4 0
8 11
1 0
5 3
2 0
10 2
10 1
6 8
5 1
7 6
6 9
9 5
5 9
8 1
1 4
6 11
6 0
11 7
9 6
11 6
