18 29 402
00000000010000000
00000000010000000
00000000000000000
00000000000000001
00000000000000001
00000000100000001
00000000100000001
00000000000000001
00000000000000001
00000000000000001
00000000000000001
00000000000000001
00000000000000001
00010000000000001
00010000000000001
00010010000000001
00010010000000001
00010010000000001
111111111000000000
000000000000000000
000000000000000000
000000000000000000
000000011111111110
000000000000000000
111111110001111110
000000000000000000
000000000011111110
000000000000000000
111111000000000000
000000000000000000
000000000000000000
000000000000000000
000000000000000000
000000000000000000
000000000000000000
10 10
3 8
3 11
9 4
16 9
12 15
9 12
0 1
13 9
13 12
15 7
6 5
1 9
1 8
8 14
6 8
5 10
10 9
0 17
1 15
12 3
13 8
11 5
8 10
13 13
15 14
4 12
13 17
10 16
