19 123 4204
000000001000000000
000000001000000000
100000001000000000
100000001000010000
100000001000010000
100000001000110000
100000000000110000
100000000000110000
100000000000110000
100000000000110000
100010000000000000
100000000000000000
100000000000000000
100000110000000001
100000110000000001
100000110001000001
000000000001000001
000000000001000001
000000000001000001
0000000000000000001
0000000000000000000
0000000000000000000
0000000000000000000
0000000000000000000
0000000000000000000
0000011111111000011
0000000000000000000
0000000000000000000
0000011111111111111
0000000000000000000
0000000001111111111
0000111000000000000
0000000000000000000
0000000000000000000
1111111111100000000
1000000000000000000
0000000000000000000
5 11
7 12
4 5
13 5
13 14
14 5
5 16
14 9
10 2
13 17
10 15
12 16
2 12
8 10
17 16
4 7
1 1
14 15
5 6
11 11
1 17
12 6
5 18
2 10
18 6
3 9
3 6
9 7
8 6
0 14
17 2
7 7
15 16
9 4
12 14
15 6
14 17
3 0
17 1
16 10
0 5
17 14
17 7
5 15
9 0
9 9
8 14
8 15
11 14
1 16
3 8
4 2
5 8
8 7
1 5
0 18
8 1
5 1
8 12
18 5
5 4
15 17
13 9
9 18
17 6
1 12
18 8
6 13
12 1
12 11
1 10
6 6
5 14
14 4
8 17
15 10
11 5
17 11
2 4
8 13
6 5
15 9
16 9
14 16
16 15
3 18
0 7
3 14
13 6
9 6
4 12
4 11
7 3
11 0
16 8
0 12
2 15
7 10
15 0
14 14
18 13
18 15
4 6
7 2
15 8
9 16
5 5
9 10
3 4
18 11
14 3
8 9
4 1
11 17
17 0
13 0
16 13
4 17
16 18
16 17
1 6
5 9
6 4
