10 74 1052
010000000
010000000
010000010
010000000
000000000
000000000
000000000
000000000
000000000
000000000
0000000000
0000000000
0000000011
0000000011
0000000000
0000000000
0000001111
0111111111
0000111111
0 3
3 8
7 9
2 3
4 9
4 2
7 5
7 8
1 7
8 3
8 4
5 7
7 7
5 6
8 5
0 7
3 2
2 1
5 5
4 0
4 6
9 6
6 1
8 0
1 1
8 2
5 8
2 6
3 1
1 0
5 3
1 3
8 8
4 8
8 6
9 0
6 8
1 6
0 2
8 9
9 8
4 1
6 3
7 0
4 7
4 3
5 4
8 1
2 0
1 8
5 0
0 4
1 9
0 1
9 1
6 5
1 2
3 9
9 7
0 8
2 9
2 4
8 7
3 7
3 0
2 5
9 2
6 7
3 6
6 9
7 1
6 4
0 0
5 1
