12 93 1596
00100100001
00100100001
00100000001
00100000001
00000000001
00000000000
10000000000
10000000000
10000000000
10000000000
10000010000
10000000000
000000000000
000011011110
000100000000
000000000000
000000000000
000000000000
000000000000
001111111111
000000000000
000011111111
011000000000
10 9
2 1
3 7
9 1
0 10
7 1
10 11
10 7
11 5
10 3
1 1
4 7
4 6
5 7
0 4
7 6
1 11
8 11
5 0
11 2
7 5
5 1
10 10
9 0
6 11
11 3
1 7
1 6
4 8
1 2
6 0
4 10
2 0
1 4
11 7
9 8
11 10
5 6
8 1
3 11
2 8
9 6
7 11
9 10
2 10
3 9
4 3
0 2
1 3
6 6
8 9
2 3
1 0
6 10
6 9
3 5
5 10
3 4
7 7
11 1
3 3
2 9
5 2
8 8
6 1
8 2
2 11
10 0
2 5
9 9
6 7
7 2
7 8
11 0
4 5
3 1
4 11
10 2
5 3
0 1
0 3
6 2
4 0
9 2
8 4
5 9
0 8
4 9
9 7
4 4
2 6
5 5
11 6
