17 77 2092
0000000000000000
0000000000000000
0000000000000000
0000000000000000
0000000000000000
0000000000000000
0000000000000000
0000000000000000
0000000000000000
0000000000000000
0000000000000000
0000000000000000
0000100000000000
0000100000000000
0000100000000000
0000100000000000
0000100000000000
00000000000000000
00000000000000000
00000000000000000
00000000000000000
00000000000111111
00000000000000000
00000000000000000
00000000000000000
00000000000000000
00000000000000000
11111111111111100
00000000000000000
00000000000000000
00000000000000000
00000000000000000
00000000000000000
4 13
13 1
15 15
16 6
12 16
14 8
0 3
6 2
11 11
16 9
10 14
6 8
9 9
1 10
9 14
14 12
10 9
5 16
5 13
11 3
9 2
5 10
12 11
7 15
8 2
9 4
4 15
8 5
5 1
4 16
2 3
14 0
0 7
6 11
16 3
15 10
0 10
12 2
7 16
8 13
15 13
15 7
6 14
1 9
4 5
14 3
14 11
3 13
6 15
2 2
11 6
7 6
11 9
8 3
14 16
7 2
10 11
4 3
7 3
0 16
6 12
5 2
6 1
6 0
12 9
9 3
15 6
16 1
2 9
12 8
15 3
13 0
16 2
5 5
3 14
4 7
10 8
