20 275 6458
0000000000000000000
0000000000000000000
0000000000000000000
0000000000000000000
0000000000000000000
0000000000000000000
0000000000000000000
0000000000000000000
0000000000000000000
0000000000000000000
0000000000000000000
0000000000000000000
0000000000000000000
0000000000000000000
0000000000000000000
0000000000000000000
0000000000000000000
0000000000000000000
0000000000000000000
0000000000000000000
00000000000000000000
00000000000000000000
00000000000000000000
00000000000000000000
00000000000000000000
00000000000000000000
00000000000000000000
00000000000000000000
00000000000000000000
00000000000000000000
00000000000000000000
00000000000000000000
00000000000000000000
00000000000000000000
00000000000000000000
00000000000000000000
00000000000000000000
00000000000000000000
00000000000000000000
15 2
16 15
15 13
5 10
6 18
6 17
0 1
19 7
0 11
15 4
8 5
12 10
12 0
4 0
19 1
16 3
17 9
5 19
6 13
2 5
14 11
12 7
14 18
18 17
10 15
7 10
17 7
2 17
3 12
17 4
18 4
12 15
15 0
19 14
13 2
18 11
9 3
13 8
16 11
3 7
11 4
4 1
16 4
18 5
7 16
7 15
5 16
16 10
4 7
6 14
5 0
2 14
11 17
9 7
15 8
12 14
16 16
1 5
6 16
9 19
1 4
10 0
13 4
18 15
4 6
11 7
8 7
19 13
13 14
8 17
15 15
16 6
9 5
8 15
10 18
5 14
3 1
18 13
11 11
5 9
17 5
1 9
6 6
1 18
14 16
8 10
11 3
7 6
16 7
1 7
16 13
5 3
10 9
13 13
0 17
18 12
10 17
19 12
19 6
15 6
10 2
4 2
14 17
0 7
13 7
15 17
5 4
15 10
15 14
7 12
13 1
3 11
1 8
2 2
5 7
6 19
2 18
2 12
10 4
14 0
2 13
17 6
14 19
19 0
19 16
1 17
0 16
12 9
3 2
0 8
11 9
2 15
3 16
12 4
18 16
0 10
2 7
10 16
9 14
13 11
16 12
1 2
12 3
17 10
5 15
0 19
3 19
2 11
13 18
18 7
15 18
5 1
13 15
15 9
14 6
13 16
6 15
19 3
6 0
9 0
16 5
17 15
6 2
0 9
15 7
3 15
14 3
9 10
10 1
17 16
9 17
6 7
7 3
2 3
0 0
5 5
10 7
7 14
18 18
17 19
13 3
3 10
8 8
9 8
12 16
11 5
10 13
14 1
14 2
4 5
15 1
7 13
5 18
18 9
18 10
7 7
10 5
9 6
3 0
9 4
12 2
9 9
2 9
3 17
17 13
16 1
0 18
16 0
7 9
14 7
15 5
7 11
6 5
11 10
11 0
5 8
12 5
10 11
8 2
10 10
3 6
6 3
14 13
17 1
9 18
4 16
17 12
6 10
0 14
8 0
9 1
10 8
2 10
1 15
7 5
3 13
8 12
8 3
8 13
18 6
9 12
14 4
13 17
11 16
7 8
19 18
6 4
2 8
11 14
10 12
3 9
3 18
16 19
3 8
0 15
8 16
6 11
8 6
1 12
6 9
19 17
2 16
17 8
7 17
15 19
4 19
1 3
15 11
1 1
19 8
4 4
1 13
19 15
3 14
10 14
