18 146 3975
00000000010000100
00000000010000000
00000000010000000
00000000000000000
00011000000000000
00010000000000000
00010010000000000
00010010000000001
00010010000000001
00010010000000001
00010010000000001
00010010000000001
00000010000000001
00000010000000001
00000010000000001
00000010000000000
00000010000000000
00000010000000000
000000000000000000
000000000000000000
111111111000000000
111111111111000000
000000000000000000
000000000000000000
000000000000000000
000000000000000000
000000000000000000
000000000000000000
000000000000000000
000000000000000000
000000000000000000
000000000000000000
000000011111111110
000000000000000000
000000011111111000
15 17
11 3
10 16
13 9
1 13
6 4
0 6
9 16
13 6
5 4
16 12
9 7
2 13
5 13
3 9
12 10
5 9
4 9
11 6
9 17
15 2
15 15
1 0
12 1
17 9
11 2
10 13
9 1
15 12
13 7
0 11
6 12
4 13
10 8
3 15
6 13
2 14
8 17
14 1
3 11
8 15
16 14
14 7
5 12
12 0
13 1
17 8
11 10
16 5
16 17
7 7
15 3
0 3
8 13
14 10
12 7
7 2
4 17
6 17
11 9
6 7
8 12
16 15
13 15
5 17
17 1
12 12
15 8
7 6
8 0
7 12
17 16
1 17
17 14
7 5
2 1
16 6
5 7
6 10
1 4
2 9
16 3
12 6
8 14
2 8
7 17
4 7
5 3
1 12
14 5
6 5
2 12
15 4
15 11
12 9
4 8
11 4
9 2
12 14
11 12
7 15
16 10
10 0
17 2
14 6
1 5
1 8
17 0
6 15
17 17
15 1
17 7
6 16
9 4
13 13
8 9
6 1
7 8
17 11
1 9
14 8
7 9
16 8
11 1
14 14
5 2
0 4
0 7
5 15
0 16
0 5
0 13
1 11
5 16
10 1
0 8
13 16
15 0
11 13
9 0
8 10
3 4
2 4
4 5
4 6
11 17
