15 140 2446
00000100000000
00000100000000
00000100000000
00000100000000
00000100000000
00000000000000
00000000001010
00000000001010
00000000001010
00000000001010
00000000001010
00000000010010
00000000010010
00000000010010
00000000010000
000000111000000
000000000000000
000000000000000
111110000000000
000000000000000
000011111111111
000000000000000
000000000000000
000000000000000
110000000000000
000000000000000
000000000000000
000000000000000
000000000000000
11 3
6 12
4 10
14 2
14 13
8 6
3 6
5 1
12 5
7 7
10 13
6 13
3 5
1 5
9 6
4 6
14 0
0 10
3 11
8 9
12 6
13 10
0 0
0 9
2 2
12 7
11 13
10 9
10 1
2 0
7 13
5 0
0 5
14 6
8 4
10 6
3 13
0 8
8 11
9 10
5 3
5 8
7 11
12 8
4 0
3 3
10 7
1 11
3 8
14 3
7 14
0 14
8 14
3 7
5 14
11 7
9 7
7 10
13 9
2 6
2 4
11 12
1 2
1 10
11 14
14 12
4 1
0 13
2 3
7 5
12 12
4 7
0 11
6 9
9 12
13 2
12 13
6 2
7 1
2 11
1 12
5 13
11 1
12 4
2 8
0 2
14 9
8 5
4 12
1 1
8 0
0 7
2 7
1 14
6 6
9 8
3 1
5 10
6 10
9 2
13 12
14 1
8 1
7 12
6 0
5 2
4 9
1 4
13 1
12 9
2 10
12 11
2 9
0 4
11 9
9 1
12 10
11 10
2 1
8 13
6 11
4 14
1 7
3 12
13 7
10 14
3 0
3 14
7 6
11 2
5 9
4 5
10 8
7 4
7 2
7 0
4 4
14 5
10 4
0 3
