14 132 1905
1010000000000
1010000000000
1010000000000
1010100000000
1010100000000
1010100000000
1010001000000
1010001000000
1010001000000
1000001000000
1000001000000
1000000000000
0000000000000
0000000000000
00000000000000
00001111111111
00000000000000
00000000000000
00000000000000
00000111111111
00000000000000
00100000000000
00000000000000
00000000000000
00000000000000
00000000000000
00000000000000
3 1
12 0
7 3
5 3
2 2
2 5
6 5
13 8
5 8
8 13
10 0
7 10
12 6
7 13
12 4
3 0
9 0
11 6
8 10
9 4
7 7
8 7
3 6
4 2
9 13
3 8
3 11
13 3
12 7
3 13
1 11
9 8
2 9
11 3
2 13
0 13
1 2
9 5
0 8
6 4
13 11
13 9
3 2
8 1
0 5
10 12
6 1
10 13
1 6
4 3
8 4
12 13
10 3
4 6
10 8
11 1
1 5
11 2
12 1
7 11
4 13
1 9
4 5
5 5
2 7
7 2
8 12
10 1
12 12
1 0
13 13
1 10
9 2
8 3
0 12
1 8
11 5
2 4
11 8
6 11
6 8
3 10
7 0
6 6
4 4
0 6
11 9
6 9
10 7
1 7
10 4
7 8
3 7
12 2
12 10
11 4
7 12
0 11
8 9
4 11
11 11
8 8
13 4
8 2
9 12
5 0
7 1
2 11
3 4
9 3
12 5
8 11
13 5
10 5
6 0
9 6
10 6
5 9
6 10
3 3
9 1
1 13
4 1
1 3
10 10
11 10
8 5
3 5
0 3
2 0
7 6
6 3
