12 81 2097
00000001000
00000001000
00000001000
00000001000
10000111000
10000001000
10000001001
10000001001
10000001001
10000101001
10000101001
10000100001
000000000000
000111110000
000000000000
000000000000
001111110000
000111110000
000000000000
000000000000
000000000000
000000000000
000000000000
6 11
5 6
3 0
10 11
0 8
0 5
9 1
5 3
9 5
2 6
2 2
8 3
7 10
3 8
9 11
0 6
3 9
8 10
8 6
0 3
10 1
6 1
10 10
11 10
4 7
2 3
7 8
7 9
4 1
0 4
1 7
5 9
4 10
6 6
7 5
5 10
0 10
8 11
8 2
0 0
10 5
0 9
9 9
7 11
10 7
7 6
11 1
4 8
4 11
9 2
7 4
5 5
2 10
5 7
10 4
2 4
11 4
6 10
1 6
1 2
7 0
8 0
11 11
2 11
9 7
6 0
5 11
1 10
2 0
3 2
4 2
4 0
10 6
4 5
0 2
10 8
1 4
8 4
9 0
1 5
1 0
