18 80 2087
00100000000000000
00100000000000000
00100000000000000
00100000000000000
00100000000000000
00000000000000000
00000000000000000
00000000000000000
00000000000000000
00000000000000000
00000000000000000
00000000000000000
00000000000000000
00000000000000000
00000000000000000
00000000000000000
00000000100000000
00000000100000000
000111111111111100
000000000000000000
000000000000000000
000000000000000000
000000000000000000
000000000000000000
000000000000000000
000000000000000000
000000000000000000
000000000000000000
000000000000000000
000000000000000000
000000000000000000
000000000000000000
000000000000000000
000000000000000000
000000000000000000
15 8
10 9
7 1
2 1
5 15
3 2
5 5
11 14
10 11
11 16
9 12
2 11
6 0
16 12
13 1
11 9
0 4
17 7
5 1
5 9
6 4
15 1
8 2
1 12
16 2
17 10
14 11
1 4
7 10
17 11
4 14
15 2
10 16
17 13
6 12
15 5
15 15
10 15
3 16
4 12
16 8
5 14
13 6
3 5
10 14
5 0
8 15
8 1
1 9
17 3
1 14
3 6
13 11
9 13
10 13
10 1
17 14
3 9
0 11
7 13
11 0
12 11
7 3
13 17
16 11
17 16
12 12
14 8
11 17
14 1
3 1
13 2
5 3
0 3
2 5
2 3
17 5
15 14
1 10
0 7
