10 84 1518
010000110
010000110
010000110
010000110
010000110
010000010
000000010
100000000
000000000
000000000
0000000000
0000000000
0000000000
0011100000
0000000000
0000000001
1111111000
0000000000
0000001111
5 4
1 9
9 5
6 5
0 2
2 5
6 1
2 2
1 4
6 4
4 2
3 6
3 2
5 1
1 6
5 5
6 2
3 0
4 5
8 2
4 9
5 6
9 6
3 5
6 3
9 0
3 4
7 0
7 4
1 5
2 1
3 1
7 9
3 9
9 7
9 3
2 8
2 9
0 8
2 0
6 9
5 8
6 8
1 1
0 1
0 5
7 5
0 4
9 9
0 3
4 4
9 2
8 9
0 0
8 0
1 2
9 1
2 3
7 1
4 8
5 7
7 2
5 2
8 5
7 3
5 3
9 8
4 1
2 6
7 6
0 9
3 8
7 8
8 4
8 7
4 3
2 4
8 6
1 7
5 0
1 0
7 7
1 8
8 3
