15 16 260
00000000000000
00000000000000
00000000000000
00000000000000
00000000000010
00000000000010
00000000000010
00000000000010
00000000000010
00000000000010
00000000000010
00000000000010
00000000000010
00000000000010
00000000000010
000000000000000
000000000000000
000000000000000
000000000000000
111111110000000
000000000000000
000000000000000
000000000000000
000000000000000
000000000000000
111000000000000
000000000000000
000000000000000
000000000000000
4 6
0 0
4 12
5 7
10 5
5 6
13 2
4 11
10 14
8 7
9 7
5 10
2 0
12 11
3 13
13 9
