19 292 6906
000000000000000000
000000000000000000
000000000000000000
000000000000000000
000000000000000000
000000000000000000
000000000000000000
000000000000000000
000000000000000000
000000000000000000
000000000000000000
000000000000000000
000000000000000000
000000000100000000
000000000000000000
000000000000000000
000000000000000000
000000000000000000
000000000000000000
0000000000000000000
0000000000000011111
0001111111111111111
0011111111111111111
0000000000000000000
0000000000000000000
0000000000000000011
0000000000000000000
0000000000000000111
0000000000000000000
0000000000000000000
0000000000000000000
0111111111111111111
0000000000000000000
1111111111000000000
0000000000000000000
0000000000000000000
1100000000000000000
17 4
14 7
11 2
15 12
11 4
4 5
0 1
4 14
12 11
16 16
14 4
16 10
15 4
12 3
5 5
6 1
11 6
4 17
10 3
10 11
14 16
4 9
3 10
10 18
10 12
7 6
5 8
15 1
18 3
8 14
0 15
2 17
17 14
18 6
18 18
17 10
13 2
16 7
13 4
1 3
16 18
14 3
8 0
16 8
13 1
2 18
15 17
2 2
3 1
2 3
0 10
4 3
3 14
13 17
2 10
16 1
15 18
5 11
16 0
11 9
11 3
7 9
17 9
10 7
4 12
14 17
9 8
0 2
4 7
16 6
17 12
2 16
5 16
8 15
17 2
7 16
12 12
4 15
4 13
7 10
2 9
0 4
13 15
16 14
3 12
12 5
5 9
0 5
0 0
11 13
5 0
3 5
15 15
14 18
13 12
3 0
8 5
9 0
8 10
8 17
5 10
11 17
4 2
8 6
9 10
18 11
14 2
7 1
17 0
6 14
2 6
6 7
0 17
13 9
10 6
7 4
16 11
14 9
5 4
15 14
10 1
17 6
8 16
1 16
14 13
10 17
7 7
1 18
0 3
9 6
5 17
15 3
8 11
6 10
15 0
17 3
13 0
3 8
7 18
17 16
2 11
14 8
12 13
7 0
17 11
4 4
0 11
15 8
4 10
15 11
12 4
17 15
4 1
14 15
1 10
13 10
18 12
8 18
17 5
3 16
7 3
1 1
18 10
9 14
3 11
9 5
6 6
16 12
15 7
12 18
0 13
17 1
11 5
14 5
9 1
16 9
16 5
10 2
2 4
0 18
1 7
1 11
14 10
3 3
11 18
10 14
6 8
5 15
1 2
1 17
3 15
0 12
9 18
11 15
9 11
0 8
14 0
14 1
6 18
1 4
4 6
18 14
1 13
11 8
18 2
12 1
16 13
6 13
10 10
10 13
1 9
1 5
5 1
9 13
6 12
4 18
4 11
9 17
4 16
16 4
3 17
7 11
2 13
10 15
18 0
17 18
6 9
5 7
2 1
13 13
18 8
7 17
6 5
2 15
18 1
14 11
4 0
7 8
6 16
12 6
8 3
9 16
6 15
15 13
7 5
3 9
7 15
13 14
13 18
18 16
5 13
8 9
5 18
10 8
2 0
6 17
9 7
18 13
2 5
0 6
15 10
17 8
12 2
15 2
18 17
11 11
4 8
2 7
10 4
5 2
8 8
10 16
15 9
0 14
6 11
6 2
6 3
9 4
17 17
11 1
2 12
14 14
3 6
6 0
8 2
11 0
1 14
10 5
2 8
18 15
0 7
13 3
