18 51 1384
00000000100000000
00000000100000000
00000000100000000
00000000100000000
00000000100000000
00000000100000000
00000000100000000
00000000100000000
00000000100000000
00000000100000000
00000000100000000
00000000100000000
00000000100000000
00000000100000000
00000000000000000
00000000000000000
00000000000000000
00000000000000000
000000000000000000
000000000000000000
000000000000000000
000000000000000000
000000000000000000
001111111000000000
000000000000000000
000000000000000000
000000000000000000
000000000000000000
000000000000000000
000000000000000000
000000000000000000
000000000000000000
000000000000000000
000000000000000000
000000000000000000
1 15
0 14
17 13
1 3
11 12
0 0
7 14
14 10
0 5
7 12
4 15
9 13
5 4
15 10
12 3
13 1
6 12
16 14
2 3
11 10
10 0
13 7
15 12
15 17
12 0
6 7
13 9
16 17
7 9
16 2
12 9
3 2
17 9
6 17
10 9
6 9
13 3
4 14
17 5
1 2
17 4
13 16
0 15
2 6
8 7
7 11
12 2
7 0
10 7
8 0
12 17
