18 38 829
00000000000000000
00000000000000000
00000000000000000
00000000000000000
00000000000000000
00000000000000000
10000000000000000
10000000000000000
10000000000000000
10000000000000000
10000000000000000
10000000000000000
10000000000000000
10000000000000000
10000000000000000
10000000000000000
10000000000010000
10000000000010000
000000000000000000
000000000000000000
000000000000000000
000000000000000000
000000000000000000
000000000000000000
000000000000000000
000000000000000000
000000000000000000
000000000000000000
000000000000000000
000000000000000000
000000000000000000
000000000000000000
000000000000000000
000000000000000000
000000000000000000
16 17
16 0
0 15
8 13
13 15
1 14
17 1
17 2
14 17
17 6
0 1
4 17
11 15
2 3
1 7
15 12
0 5
15 6
6 12
3 0
13 3
1 5
1 10
6 13
4 2
16 11
13 8
5 17
9 2
10 17
14 13
7 16
12 13
14 15
8 12
7 12
8 15
11 12
