13 44 983
000000000000
000000000000
000000000000
000000000000
000000000000
000000000000
000000000000
000000000000
000000000000
000000000000
000000000000
000000000000
000000000000
0000000000000
0000111111111
0000000000000
1111100000000
0000000000000
1111111100000
0000011111111
0000000000000
0000000000000
1111110000000
0000000000000
0000000000000
7 6
6 9
9 3
6 8
3 10
10 10
0 9
9 9
2 3
1 9
10 7
3 3
12 1
12 2
6 7
4 4
0 10
2 10
10 11
2 0
8 12
3 11
12 10
6 2
6 10
3 7
2 2
9 7
1 8
12 3
5 7
3 5
4 1
1 5
5 12
3 4
5 5
4 2
8 11
12 12
2 4
8 2
5 4
1 12
