12 137 3318
00000000000
00000000000
00000100000
00000100000
00000100000
00000000000
00000000000
00000000000
00001000000
00001000000
00000000000
00000000000
000000000000
000000000000
000000000000
000000000000
111111000000
111111110000
000000000000
001111111111
000010001111
100000000000
000000000000
3 5
11 0
1 0
9 11
6 1
5 8
1 6
2 5
1 2
3 4
10 7
9 3
10 10
11 10
4 10
10 4
7 1
4 4
3 0
6 5
6 10
10 3
11 6
5 7
10 6
8 3
8 2
7 9
1 8
11 8
8 0
0 4
9 5
0 7
2 9
11 5
4 2
10 5
8 9
8 8
6 8
1 4
2 7
2 11
11 3
7 2
9 6
6 2
7 11
2 6
2 3
7 6
9 1
7 5
0 9
5 1
8 6
11 4
6 7
1 9
3 3
11 9
7 7
4 9
0 1
0 11
9 2
3 9
2 2
6 11
8 5
7 3
5 3
5 2
5 11
5 6
1 10
2 0
3 8
0 3
5 4
2 8
8 1
9 0
7 4
3 1
6 0
10 8
6 6
10 2
7 8
4 1
10 11
10 0
11 1
9 4
1 7
8 7
2 4
3 6
5 0
0 6
7 0
1 3
9 8
11 2
0 8
4 6
0 0
1 5
9 9
9 7
5 9
8 10
1 11
8 4
6 4
7 10
3 7
11 11
0 5
5 10
2 1
4 11
10 1
8 11
4 3
4 5
6 3
4 7
4 0
1 1
6 9
0 2
0 10
10 9
2 10
