18 70 2569
00000000000000000
00000000000000000
00000000010000000
00000000010000000
00000000010000000
00000000010000100
00000000000000000
00000000000010000
00000000000010000
00000000000000000
00000000000000000
00000000000000000
00000000000000000
00000000000000000
00000000000000000
00000000000000000
00000000000000000
00100000000000000
000000000000000111
000000000000000000
000000000011100000
000000000001111111
000000000000000000
111111111111111100
000000000000000000
000000000000000000
000000000011111111
000000111111111111
000000000000000000
000000000000000000
000000000000000000
000000000000000000
000000000000000000
000000000000000000
000000000000000000
5 5
10 16
11 4
8 4
9 9
15 7
15 14
3 9
3 6
3 15
14 4
5 17
8 5
5 15
3 14
2 10
0 16
10 7
3 3
5 1
8 0
11 17
2 11
4 15
4 11
14 15
9 10
0 12
13 8
11 3
8 14
16 5
10 0
15 9
6 5
15 5
17 4
5 14
11 0
3 5
11 1
0 10
16 16
15 4
13 17
13 11
10 11
7 11
17 13
12 17
8 9
17 1
0 3
0 1
7 4
2 14
0 6
17 5
5 10
0 2
12 15
4 1
2 2
11 13
13 4
9 15
17 10
12 10
9 14
0 8
