20 67 1590
0000000000000000000
0000000000000000000
0000000000000000000
0000000000000000000
0000000000000000000
0000000000000000000
0000000000000000000
0000000000000000000
0000000000000000000
0000000000000000000
0000000000000000000
0000000000000000000
0000000000000000000
0000000000000000000
0000000000000000000
0000000000000000000
0000000000000000000
0000000000000000000
0000000000000000000
0000000000000000000
00000000000000000000
00000000000000000000
00000000000000000000
00000000000000011111
00000000000000000000
00000000000000000000
00000000000000000000
00000000000000000000
00000000000001111111
00000000000000000000
00000000000000001111
00000000000000000000
00000000000000000000
11111111111000000000
00000000000000000000
11111000000000000000
11111000000000000000
00000000000000000000
00000000000000000000
17 5
5 6
1 8
8 2
10 13
9 16
11 16
2 5
3 5
10 18
7 14
6 6
3 8
11 4
5 1
14 16
2 18
1 15
11 13
16 9
8 6
15 3
4 15
15 6
2 9
14 10
4 14
4 19
6 18
18 19
16 17
16 8
5 12
15 12
12 14
14 12
1 16
7 4
9 14
8 9
2 12
17 9
16 19
16 0
18 1
12 13
8 1
4 6
16 3
3 10
3 19
13 16
8 4
13 12
6 15
19 17
16 12
16 15
3 4
13 4
15 2
1 17
14 17
19 7
11 10
1 12
2 19
