16 56 2418
010100000000000
010101000000000
010101000000000
010101000000000
000000000000000
000000000000000
000000000000000
000000000000000
000000000000000
000000010000000
100000010000000
100000000000000
110000000000000
110000000000000
110000000000000
110000000000000
0000001111100000
0000000000000000
0000000111111111
0000111110000000
0000000011111111
1111111000000000
0000000000000000
1111111111110001
1111111111111000
0000000000000000
0000000000000000
0000000000000000
0001111111111111
0000000000000000
0000000000000000
15 1
15 13
0 2
6 0
15 15
1 0
7 6
3 14
1 7
12 11
4 12
13 10
15 2
8 4
9 4
8 13
10 13
2 1
11 10
3 8
6 13
0 10
14 15
14 10
15 14
5 6
3 4
10 15
0 0
15 8
12 12
1 14
0 14
3 5
11 15
12 10
11 11
11 0
4 3
14 3
9 3
4 10
2 8
13 9
5 7
7 3
13 3
7 14
8 12
11 7
2 14
3 11
2 5
6 3
4 6
1 4
