16 198 4738
000000000101000
000000000101000
000000000101000
000000000101000
000000000101000
000000000001000
000000000001000
000000000001000
000000000001000
000000000001000
000000000001000
000000000001000
000000000000000
000000000000000
000000000000000
000001000000000
0000000000000000
0000000000000000
0000000000000000
0000000000000001
0000000000000000
0000000000000000
0000000000000000
0000000000000000
0000000000000000
0000000000000000
0000000000000000
0000000000000000
1111111111100000
1111111111111110
0000000000000000
2 9
13 4
0 2
3 6
8 0
14 11
8 11
11 12
2 12
5 12
12 6
14 5
0 4
8 15
8 1
4 11
4 2
1 0
3 10
8 14
11 2
11 6
5 13
4 9
12 15
10 14
6 12
14 12
8 4
5 4
4 10
11 15
10 1
3 1
15 1
15 3
5 2
4 1
13 7
6 10
15 5
1 4
15 7
12 5
13 5
8 6
6 0
11 9
13 15
5 5
15 4
6 5
9 15
10 12
2 8
8 5
7 15
0 0
13 8
13 10
10 6
12 10
12 2
4 5
9 4
8 12
3 11
6 6
15 6
14 9
4 4
10 15
6 1
13 14
0 14
7 9
14 4
11 10
9 13
1 14
6 3
4 0
0 10
1 6
13 1
3 14
9 7
7 8
12 3
14 6
3 4
3 5
9 5
12 14
2 11
4 6
14 3
15 14
14 13
15 12
10 9
3 8
12 13
5 15
1 13
9 0
13 0
2 1
10 4
15 15
8 9
5 6
12 12
10 11
2 5
9 8
11 7
2 14
5 3
1 7
4 13
4 12
7 14
1 3
2 0
4 7
5 11
6 11
1 11
11 14
0 1
7 11
1 2
7 12
5 9
3 13
7 13
10 8
1 15
13 3
13 2
5 10
12 4
8 2
14 14
15 9
2 15
2 10
7 10
7 5
5 14
8 13
0 12
3 9
15 8
6 13
6 7
9 12
1 10
10 10
2 3
0 7
0 8
4 8
6 14
2 4
5 8
13 13
12 0
5 0
15 2
15 10
6 9
4 14
11 4
5 7
9 9
12 7
8 10
14 1
1 9
15 13
3 0
6 15
9 1
9 14
11 13
6 2
12 8
11 0
10 2
8 8
1 1
6 8
3 7
10 0
9 2
0 9
