18 158 5217
00000000000000000
00000000000000000
00000000000000000
00000000000000000
00000000000000000
00000000000000000
00000000000000000
00000000000000000
00000000000000000
00000000000000000
00000000000000000
00000000000000000
00000000000000000
00000000000000000
00000000000000000
00000000000000000
00000000000100000
00000000000100000
000000000000000000
000000000000000000
000000000000000000
111111111000000000
000000000000000000
111110000000000000
111111110000000000
111111111111111000
111111111111110000
111111111111111110
001111111111111111
000000000000000000
000000000000000000
000011111111111111
000000000000000001
000000000000000000
111111000000000000
11 6
2 13
7 10
6 16
6 10
5 8
6 3
15 3
12 13
17 16
11 0
17 13
1 12
12 8
14 11
10 14
11 8
5 6
11 14
14 16
13 4
17 6
5 17
10 3
14 9
11 5
17 4
14 15
6 4
2 16
0 15
14 0
7 17
4 12
1 16
6 2
7 13
13 12
15 0
9 4
15 9
13 14
14 14
0 13
10 8
0 1
15 1
17 8
4 17
9 15
14 7
14 6
8 9
7 6
7 4
17 3
11 3
3 8
0 2
3 17
6 5
1 10
2 15
9 1
17 12
16 7
6 15
6 0
8 16
11 1
16 14
1 9
5 0
0 10
8 12
5 10
14 2
10 12
9 0
12 1
12 14
1 0
4 8
12 5
8 13
3 0
2 1
3 3
6 14
0 0
16 3
6 7
6 13
17 17
1 17
12 6
12 9
10 1
8 2
17 9
15 7
9 14
16 6
13 0
2 11
3 13
12 7
16 16
17 15
15 13
14 5
8 4
5 1
10 13
9 8
1 1
0 17
12 2
4 5
14 1
7 14
13 7
6 8
2 12
1 11
14 17
7 3
11 13
10 7
16 11
3 11
2 17
12 15
4 4
3 6
7 0
2 6
1 6
17 2
0 8
10 11
7 5
1 4
10 6
2 5
14 12
0 3
15 16
10 2
8 6
13 15
13 5
14 10
7 7
0 11
13 9
12 4
11 17
