20 332 4930
0000010000000000000
0000010000000000000
0000010000000000000
0000010000000000000
0000010000000000000
0000010000000000000
0000000000000000000
0000000000000000000
0000000000000000000
0000000000000000000
0000000000000000000
0000000000000000000
0000000000000000000
0000000000000000000
0000000000000000000
0000000000000000000
0000000000000000000
0000000000000000000
0000000000000000000
0000000000000000000
11111000000000000000
00000000000000000000
00000000000111111111
00000000000000000000
00000000000000000000
00000000000000000000
00000000000000000000
00000000000000000000
00000000000000000000
00000000000000000000
00000000000000000000
00000000000000000000
00000000000000000000
00000000000000000000
00000000000111111111
00000000000000000000
00000000000000000000
00000000000000000000
00000000000000000000
9 9
14 6
19 16
10 18
7 9
11 13
9 5
4 9
14 11
2 4
11 1
15 8
4 5
12 0
17 10
17 6
3 9
5 4
18 4
2 17
11 3
15 11
4 8
6 7
15 15
14 17
0 9
0 0
5 1
16 19
7 16
16 3
10 4
2 15
2 3
17 14
19 15
2 14
5 18
19 6
8 1
11 17
1 8
13 2
16 12
15 9
13 11
14 8
12 6
19 10
7 0
14 7
7 13
0 4
4 1
13 1
3 2
10 14
1 7
17 4
3 14
9 7
5 3
1 4
7 1
3 7
7 18
13 10
2 13
1 11
8 15
19 13
6 19
15 17
9 18
17 0
1 13
1 3
4 3
9 8
3 4
18 9
12 2
11 0
8 19
12 8
12 9
17 11
8 6
10 1
2 5
2 0
3 11
10 19
15 10
13 12
1 17
18 15
4 19
2 8
17 18
14 19
10 17
3 5
9 14
1 18
11 12
19 12
12 10
2 6
3 8
16 10
5 2
8 0
0 3
5 5
11 9
18 13
10 8
15 3
6 2
8 13
8 4
4 12
7 7
0 8
16 7
9 17
3 16
10 7
14 10
5 9
7 15
9 11
19 7
15 14
18 10
1 2
14 5
12 5
8 9
16 1
4 11
4 7
12 3
11 16
18 19
2 19
9 10
17 9
15 12
17 2
14 4
7 12
15 19
13 17
12 19
13 3
17 8
10 16
1 19
8 7
2 10
19 5
19 2
18 2
17 13
7 17
10 6
4 14
12 1
16 13
10 3
18 12
18 8
6 14
2 12
14 3
15 6
19 19
13 19
12 12
13 0
14 2
14 15
16 2
15 18
19 1
18 6
9 3
19 17
9 2
12 15
8 5
11 14
17 16
0 10
16 0
3 1
18 16
8 17
8 12
19 4
6 15
6 8
11 2
18 14
6 16
5 6
2 18
9 12
0 1
0 14
4 17
11 5
13 4
1 9
14 0
8 2
9 6
9 1
8 11
3 13
19 9
16 15
9 15
11 10
11 11
4 10
5 10
13 5
10 2
15 4
15 16
11 7
1 12
3 18
17 15
13 13
1 16
4 15
7 19
17 19
10 12
16 6
19 3
6 12
19 8
13 15
6 9
19 0
19 18
14 16
12 16
4 4
0 7
5 8
13 8
18 11
12 11
0 18
13 7
12 18
16 9
10 15
14 18
8 14
7 10
14 9
5 12
11 8
7 11
5 19
15 7
3 17
4 2
1 14
2 2
10 13
6 4
18 7
0 19
0 11
3 19
3 10
0 15
9 16
9 19
10 9
7 8
14 14
11 15
3 0
17 1
16 18
11 4
7 4
14 13
16 11
5 0
12 17
7 5
8 10
13 16
7 3
18 3
5 11
17 17
0 16
3 3
13 9
18 18
13 6
6 13
6 0
1 0
2 7
18 5
11 19
5 13
0 12
9 4
18 1
10 5
4 16
5 15
4 0
0 13
17 7
0 17
7 14
6 10
