16 94 1582
000000000000000
000000000000000
000000000000000
000000000000000
000000010000000
000000010000000
000000010000000
000000010000000
000000010000000
000000010000000
000000010000000
000000010000000
000000010000000
000000010000000
000000010000000
000000010000000
0000000000000000
1111111111111100
0000000000000000
0000000000000000
1110000010000000
0000000011110000
0000000000000000
0000000000000000
0000000000000000
0000000000000000
0000000000000000
0000000000000000
0000000000000000
0000000000000000
0000000000000000
4 11
3 1
5 3
0 10
11 0
11 14
12 4
5 12
5 11
0 9
1 2
10 11
8 4
7 10
2 13
6 9
14 12
11 10
10 2
8 9
0 15
1 10
7 2
12 9
10 1
1 3
1 15
2 9
7 14
11 1
5 15
14 15
0 0
5 14
1 1
5 6
1 6
4 10
2 3
9 0
11 12
2 2
11 13
0 7
8 2
3 0
15 14
12 1
2 11
8 7
5 0
12 6
15 1
7 12
4 9
7 4
15 11
6 12
7 11
1 5
5 7
4 13
5 4
4 7
14 5
4 14
15 7
11 6
4 1
10 7
10 6
15 10
13 15
0 1
6 13
4 5
5 13
9 1
13 13
6 4
15 12
1 4
3 12
0 8
7 1
6 10
6 7
0 14
13 0
13 11
1 8
0 5
5 9
9 15
