16 249 3180
000000000000000
000000000000000
000000000000000
000000000000000
000000000000000
000000000000000
000000000000000
000000000000000
000000000000000
000000000000000
000000000000000
000000000000000
000000000000000
000000000000000
000001000000000
000001000000000
0000000011111111
0000000000000000
0000000000000000
0000000000000000
0000000000000000
0000000000000000
0000000000000000
0000000000000000
0000000000000000
0000000000000000
0000000000000000
0000000000000000
0000000000000000
0000000000000000
0000000000000000
1 9
5 8
12 12
10 4
12 11
9 14
12 10
15 8
9 6
0 15
15 4
6 12
11 11
2 3
9 13
2 1
1 7
7 11
8 5
15 11
11 14
12 7
3 1
0 4
14 10
1 12
8 15
11 6
9 3
15 13
10 14
12 2
2 10
7 9
9 15
7 0
12 15
10 12
12 8
11 8
10 3
14 9
12 13
5 10
3 11
12 6
4 0
2 8
8 3
2 6
2 2
13 14
7 13
12 5
1 4
0 6
6 7
2 11
7 12
9 7
8 11
4 9
13 6
14 13
2 0
10 0
1 15
14 4
11 4
3 5
8 7
13 4
7 15
1 11
13 11
7 4
1 10
9 8
6 3
4 8
2 7
13 9
7 8
9 0
11 5
15 14
7 5
3 12
7 7
15 10
4 10
2 15
10 10
12 0
13 12
12 1
0 12
6 9
5 7
1 8
10 15
9 11
5 6
6 13
6 2
5 4
8 6
0 0
10 2
5 9
9 12
0 9
1 13
11 2
3 15
9 4
6 6
1 1
10 13
0 7
10 5
0 5
0 10
14 6
15 5
3 2
8 12
8 4
10 6
0 2
1 6
4 2
3 0
3 4
10 1
13 5
14 12
3 6
0 13
1 0
9 9
4 15
14 14
5 11
5 3
9 1
11 12
6 15
12 3
6 8
5 12
1 5
14 8
5 14
14 11
13 7
9 5
3 9
4 7
13 0
13 10
14 7
15 7
15 9
13 1
8 13
3 7
12 14
4 11
4 3
2 4
2 9
5 0
13 3
14 2
14 3
13 8
0 11
7 14
10 9
2 13
1 14
10 7
11 3
15 6
6 0
1 2
11 1
14 1
7 3
4 14
5 2
4 1
4 13
0 8
0 1
9 10
7 2
13 13
8 0
14 15
11 7
12 9
11 10
0 14
5 15
6 1
13 2
8 2
5 5
2 12
3 10
6 10
7 1
6 5
3 3
4 5
4 12
14 5
5 1
4 6
6 4
2 5
15 0
11 13
2 14
10 11
15 15
3 8
14 0
0 3
15 3
12 4
8 10
9 2
6 11
13 15
7 10
8 14
10 8
4 4
7 6
3 13
8 1
6 14
3 14
8 8
5 13
15 1
