18 280 5096
00000000000000000
00000000000000000
00000000000000000
00000000000000000
00000000000000000
00000000000000000
00000000000000000
00000000000000000
00000000000000000
00000000000000000
00000000000000000
00000000000000000
00000000000000000
00000000000000000
00000000000000000
00000000000000000
00000000000000000
00000000000000000
000000000000000000
000000000000000000
000000000000000000
000000000000000000
000000000000000000
000000000000000000
000000000000000000
000000000000000000
000000000000000000
000000000000000000
000000000000000000
000000000000000000
000000000000000000
000000000000000000
000000000000000000
000000000000000000
000000000000000000
16 8
7 7
15 0
1 3
2 10
6 16
3 6
3 9
15 1
11 11
4 8
14 12
17 5
7 9
15 7
5 0
2 7
9 9
17 12
2 8
1 14
1 6
8 9
5 10
12 12
11 4
5 16
5 6
3 5
17 14
14 2
17 0
12 0
14 10
10 17
6 10
16 11
17 6
8 3
10 1
16 0
0 0
11 2
9 12
7 10
3 3
4 12
17 4
4 6
15 9
16 10
3 1
13 3
9 10
9 17
5 4
4 5
13 15
11 5
0 6
2 6
1 10
15 14
1 13
9 15
14 3
12 3
13 11
17 8
3 0
13 8
0 14
11 8
0 9
2 1
1 9
0 12
7 0
8 10
4 2
8 11
3 8
0 8
2 5
2 17
0 16
5 1
11 16
6 13
3 17
6 15
9 2
13 0
7 8
7 17
5 14
3 13
1 15
4 13
14 5
14 8
8 5
2 11
6 17
17 17
7 16
13 2
0 5
1 0
16 15
7 3
10 6
16 9
8 0
1 8
2 16
10 0
8 2
9 0
17 16
0 17
14 0
4 14
11 7
4 17
7 5
8 4
10 8
1 2
12 5
14 7
13 10
17 3
4 10
15 8
13 13
13 1
7 6
6 4
2 14
3 11
15 17
9 3
3 2
10 15
16 13
14 6
11 15
10 11
14 14
4 9
7 1
12 13
1 5
6 14
2 0
14 1
10 10
10 12
11 3
2 9
13 4
5 17
13 14
14 9
12 11
9 8
6 11
8 1
13 7
11 9
12 16
14 13
12 8
17 9
7 11
11 0
17 15
1 11
13 9
11 17
12 9
11 1
6 5
15 16
13 5
13 12
16 17
15 13
17 1
15 11
5 3
9 11
15 10
13 17
10 2
14 15
8 15
17 10
2 12
9 5
14 4
12 14
12 10
15 5
3 15
3 14
11 14
8 12
0 4
16 7
11 6
5 5
5 15
2 15
9 7
4 4
6 1
14 16
0 11
16 14
5 7
7 13
11 12
12 6
5 8
4 0
15 12
6 12
7 2
16 6
2 13
8 14
3 16
7 4
9 14
11 13
9 6
6 6
1 12
10 7
1 4
0 13
4 3
10 13
10 9
8 17
13 6
17 11
2 3
14 11
6 8
0 1
10 4
13 16
3 4
7 14
1 7
16 4
8 6
2 2
8 7
1 17
6 0
5 11
5 9
15 2
8 13
12 17
15 4
16 3
6 9
16 2
12 2
8 16
9 16
10 3
0 2
0 10
3 12
