10 80 762
010010000
010010000
010010000
010010000
010010000
010000000
010000000
010000000
000000000
000000100
0000000000
0000000000
0000000001
0000010000
0000000000
0000000000
0000000000
0000000000
0011111000
7 0
1 2
7 9
3 0
0 8
6 1
1 4
5 7
1 1
8 8
2 0
8 4
9 3
6 5
4 6
4 4
5 8
8 0
9 8
5 9
1 6
0 3
7 6
4 8
4 0
8 3
7 3
7 1
3 2
8 9
4 3
6 8
0 1
3 8
3 9
2 9
1 7
8 6
6 2
4 7
2 5
1 8
2 4
3 6
0 9
6 0
5 1
0 0
5 2
3 3
3 1
0 7
7 4
8 5
5 6
5 0
3 4
0 6
4 2
7 7
2 2
2 6
0 5
0 4
1 9
8 2
0 2
7 2
5 4
8 7
1 0
6 3
2 3
6 7
9 2
9 6
9 1
2 1
6 4
3 5
