13 103 2125
000100000000
000100000000
000110000000
000110000000
000110000000
000010000000
000010000000
000010000000
000010000000
000010000000
000010000000
000010000000
000010000000
0000000000000
0000000000000
0000000000000
0000000000000
0000000000000
0000000000000
0000000000000
0000000000000
0000000000000
0000000000000
0000000000000
0000000000000
3 0
10 9
9 1
6 7
7 6
10 6
8 12
8 11
1 5
9 11
7 12
12 1
0 12
6 4
6 5
1 4
8 8
8 9
4 8
11 12
9 10
8 3
10 11
6 2
0 8
8 2
6 10
1 3
4 3
8 10
12 6
11 4
9 3
3 12
5 0
9 12
0 4
0 7
1 9
5 6
11 7
11 3
3 5
9 5
2 2
4 9
2 0
2 7
1 8
3 3
2 8
12 12
12 10
3 7
9 8
3 2
12 8
7 1
6 1
12 0
0 3
10 1
4 10
0 10
7 8
11 1
1 12
6 9
3 6
7 10
2 12
9 9
2 1
4 6
7 4
2 5
8 0
0 5
4 5
8 4
10 3
12 2
7 5
5 11
3 1
3 10
5 4
6 3
8 1
5 7
10 7
9 7
6 12
1 6
12 5
12 4
1 11
10 0
3 8
10 5
0 6
7 0
1 7
