18 70 1031
00000000010000000
00000000010000000
00000000010000000
00000000010000000
00000000010000000
00000000010000000
00000000010000000
00000000010000000
00000000010000000
00000000010000000
00000000000000000
00000000000000000
00000000000000000
00000000000000000
00000000000000000
00000000000000000
00000000000000000
00000000000000000
000000000000000000
000000000000000000
000000000000000000
000000000000000000
000000000000000000
000000000000000000
000000000000000000
000000000000000000
000000000000000000
000000000000000000
000000000000000000
000000000000000000
000000000000000000
000000000000000000
000000000000000000
000000000000000000
000000000000000000
13 12
7 0
17 7
5 17
0 9
11 11
11 17
5 7
11 8
15 11
10 3
4 4
16 5
2 8
12 9
5 9
5 8
17 13
7 3
9 8
17 16
6 2
0 13
1 2
16 14
15 10
10 8
12 8
15 2
5 15
8 5
5 3
5 6
10 12
0 1
1 12
6 12
8 11
14 10
4 11
3 10
12 2
3 2
10 6
15 5
16 2
8 14
17 3
12 17
14 8
8 1
16 16
14 15
13 17
13 8
4 6
11 0
3 11
2 6
13 3
14 14
13 10
6 3
11 1
2 3
6 14
7 17
15 4
6 13
4 14
