15 198 6263
00000000000000
00000000000000
00000000000000
00000101001010
00000101001010
00000101001010
00000101001010
00000101001010
00000101001010
00000001001010
10010001000000
10010001000000
10010001000010
10010001000010
10010000000010
000000000000000
000000000000000
001111111111111
000011000000000
000000000000000
000000000000000
111110000000000
000000000000000
100000000000000
000000000000001
000000000000000
000000000000000
000000000000000
000000000000000
4 2
10 1
3 3
11 4
1 0
1 12
5 12
12 2
12 10
10 12
9 1
0 5
12 0
9 6
6 5
4 0
13 4
9 7
2 11
1 6
3 8
9 5
14 8
8 8
8 3
2 2
5 6
12 14
5 13
7 8
2 7
6 4
9 14
3 0
10 2
6 0
14 13
0 3
8 11
14 3
11 3
11 8
8 9
7 9
14 11
0 0
7 4
7 14
2 1
7 0
14 4
3 6
5 9
6 3
14 2
12 8
13 3
5 2
1 1
11 5
14 5
0 12
3 1
9 4
8 0
9 13
10 14
6 12
13 13
2 6
4 5
13 2
1 8
1 10
8 10
8 13
12 3
7 5
1 2
7 3
0 10
10 9
14 6
7 6
10 0
10 4
1 14
7 12
5 8
6 2
14 10
3 7
5 10
8 5
10 7
6 8
8 1
3 4
4 8
7 13
12 13
8 6
4 12
2 14
0 14
11 14
2 4
11 13
13 11
14 14
10 5
11 12
7 2
2 12
13 6
0 2
3 2
3 13
5 1
0 9
13 7
1 13
4 11
6 1
9 2
13 0
2 9
12 5
2 0
3 12
10 13
11 6
11 10
9 8
8 7
8 2
13 5
5 4
0 6
4 10
9 9
4 13
6 6
3 9
14 9
7 7
10 6
4 9
6 7
2 13
0 11
3 5
4 6
8 12
10 8
1 5
5 11
8 14
10 10
1 9
9 10
2 8
7 11
12 12
0 13
5 14
14 7
3 11
12 7
14 0
6 13
3 14
6 11
4 14
11 1
12 9
0 8
7 10
14 12
2 10
9 3
13 1
11 2
13 12
4 1
1 4
9 12
3 10
10 3
6 14
13 10
9 0
12 6
0 4
2 3
11 11
8 4
12 4
