14 89 1224
0000000000000
0000000000000
0000000000000
0000000000000
0000000000000
0000000000000
0000000000000
0000000000000
0000000010000
0000000010000
0000000010000
0000000010000
0000000010000
0000000010000
00000000000000
00000000000000
00000000000000
00000000000000
00000000000000
00000000000000
00000000000000
00000000000000
00000000000000
00000000000000
00000000000000
00000000000000
00000000000111
7 1
0 10
8 0
4 12
13 5
10 12
8 11
1 5
6 8
12 12
7 0
4 3
7 12
11 13
6 4
7 6
5 8
11 1
5 10
3 9
10 8
1 13
4 8
9 10
12 3
10 1
2 13
2 3
4 11
9 11
9 7
5 2
10 9
6 1
2 4
3 5
13 8
1 9
13 6
0 11
4 2
10 13
9 4
1 6
11 8
8 5
11 9
5 3
12 7
12 2
11 11
7 9
3 11
11 2
8 7
1 10
10 7
9 13
10 5
11 12
9 1
0 4
8 12
3 3
12 0
6 9
6 13
12 8
12 11
10 6
11 4
8 9
7 8
5 13
8 6
9 12
13 2
2 10
11 0
3 6
7 4
0 7
2 11
1 7
6 5
6 0
8 10
10 4
10 2
