19 20 327
000000000000000000
000000000000000000
000100000000000000
000100000000000000
000100000000000000
000100000000000000
000100000000000000
000100000000000000
000100000000000000
000000000000000000
000000000000000000
000000000000000100
000000000000000100
000000000000000100
000000000000000100
000000000000000100
000000000001000100
000000000000000100
000000000000000100
0000000000000000000
1111111111111111100
0000000000000000000
0000000000000000000
0000000000000000000
0000000000000000000
0000000000000000000
0000000000000000000
0000000000000000000
0000000000000000000
0000000000000000000
0000000000000000000
0000000000000000000
0000000000000000000
0000000000000000000
0000000000000000000
1111111111110000000
0000000000000000000
6 1
8 8
10 1
3 0
2 11
12 2
6 5
18 1
11 7
7 10
7 1
17 12
9 1
12 9
4 4
15 1
3 14
11 3
6 13
7 3
