15 112 1289
00000010000000
00000010000000
00000010000000
00000010000000
00000000000000
00000000000000
00000000000000
00000000000000
00100000000000
00100000000000
00100000000000
00100000000000
00100000000000
10100000000000
10100000000000
000000000000000
000000000000000
000000000000000
000000000000000
000000000000000
000000000000000
000000000000000
000000000000000
000000000000000
000000000000000
000000000000000
000000000000000
000000000000000
000000000000000
6 9
14 7
7 12
0 1
2 7
3 8
12 12
4 3
12 4
14 5
3 11
8 3
1 1
10 2
3 3
6 3
12 10
7 9
2 5
6 13
1 12
10 14
4 5
8 13
9 7
11 4
0 7
7 7
13 12
6 10
13 9
13 3
8 9
6 0
0 2
3 9
11 11
5 7
3 13
4 7
10 6
1 3
13 14
3 5
1 10
10 0
4 14
2 12
11 10
1 0
5 12
10 8
6 11
4 4
1 14
8 10
11 8
4 0
4 11
9 4
6 6
7 10
10 7
4 6
9 8
9 1
6 1
2 3
14 6
7 0
5 6
11 9
7 1
10 4
0 10
7 6
13 13
1 6
7 4
12 3
1 11
14 4
7 5
5 13
12 6
2 4
13 11
13 6
4 13
13 1
12 11
2 8
4 12
11 13
9 14
3 7
1 13
5 2
7 14
14 8
6 8
3 1
2 10
0 3
7 13
10 12
10 13
6 12
12 8
5 4
7 11
8 4
