14 128 1614
0000000000000
0000000000000
0000000000001
0000000000001
0000000000001
0000000000001
0000000000001
0001000000001
0001000000001
0001000000001
0001000000011
0000000000011
0000000000011
0000000000011
11111000000000
00000000000000
00000000000000
00000000000000
00000000000000
00000000000000
00000000000000
00000000011110
00000000000000
00000000000000
11111000000000
00000000000000
00000000000000
3 2
4 6
9 3
12 9
7 2
1 5
5 10
5 4
1 8
13 7
2 12
12 7
10 3
8 4
8 10
7 3
3 5
5 9
13 3
12 4
12 8
7 7
1 4
8 12
6 3
0 9
9 11
8 11
13 2
5 3
3 10
2 6
1 0
5 1
6 2
4 7
8 5
11 10
4 2
3 9
8 7
11 6
10 12
4 4
7 12
7 9
7 1
10 4
0 2
6 4
13 1
5 12
11 12
12 11
5 0
1 9
10 5
4 10
5 8
3 8
0 5
13 4
13 10
10 13
2 2
13 11
13 6
10 9
0 10
13 0
11 5
6 10
0 6
11 3
10 0
5 6
8 9
12 13
12 0
1 10
4 9
3 4
2 5
1 6
3 3
5 11
8 3
7 13
5 7
6 0
0 0
6 8
13 13
12 10
9 8
0 7
2 9
3 6
1 13
12 3
3 1
10 2
9 2
10 8
9 1
9 5
6 12
9 13
0 11
1 11
1 3
3 7
12 1
2 8
11 4
12 2
6 13
3 12
7 10
0 13
5 2
11 0
12 6
10 10
8 0
6 11
6 9
9 9
