16 117 1411
000000000000010
000000000000010
000000000000010
000000000000010
000000000000010
000000000000000
000000000000000
000000000000000
000000000000000
000000000000000
000000001000000
000000001000000
000000001000000
000000001000000
000000001000000
000000001000000
0000000000000000
0000000000000000
0000000000000000
0000000000000000
0000000000000000
0000000000000000
0000000000000000
0000000000000000
0000000000000000
0000000000000000
0000000000000000
0000000000000000
0000000000000000
0000000000000000
0000000000000000
5 5
0 0
4 15
1 4
13 0
10 12
3 8
0 3
2 0
10 6
1 13
15 8
14 14
9 13
14 5
10 5
1 12
7 5
9 2
3 4
12 10
13 9
9 15
8 14
1 7
1 8
15 10
9 5
2 6
11 15
8 9
11 1
11 5
2 2
0 1
1 2
14 2
2 1
14 0
9 8
14 8
9 9
11 4
9 4
7 4
14 1
4 12
0 10
14 6
10 0
12 12
15 7
6 1
2 4
0 5
9 14
10 4
3 3
11 3
12 7
0 9
1 10
1 9
3 0
1 14
11 13
8 7
4 0
12 0
7 2
6 15
11 2
5 0
3 11
13 7
3 12
0 13
13 5
9 0
8 5
13 2
6 6
11 11
7 7
13 10
13 13
4 8
5 15
2 12
3 9
10 7
11 7
3 13
15 5
2 11
5 13
3 2
12 1
6 11
2 7
5 3
8 2
4 14
11 9
5 11
6 3
7 9
12 2
0 7
15 4
5 2
6 10
13 3
5 7
15 1
9 11
7 12
