17 125 4489
0010000000100010
0010000000100010
0010000000100010
0010000000100010
0110000000100010
0110100000100010
0110100000100010
0110100000100010
0110100000100010
0110100000100010
0110100000100010
0110100000100010
0110100000000010
0110100000000010
0110100000000010
0110100000000000
0100100000000000
00000000000000000
00000000000000000
00000000000000000
00011100000000000
00000100000000000
00000000000000000
00000000000000000
00000000000000000
00000000000000000
00000000000000000
00000000000000000
00000000000000000
00000000000000000
00000000000000000
00000000000000000
00000000111111111
16 16
12 10
15 14
10 8
0 4
2 2
14 11
6 9
10 4
4 13
9 2
11 3
0 1
0 16
12 2
3 1
15 1
16 12
11 9
13 5
2 6
8 4
5 15
9 9
7 16
0 14
14 10
11 16
13 10
7 9
13 13
0 3
3 7
10 10
16 4
5 9
12 14
0 0
8 5
12 12
5 2
1 14
5 3
12 0
3 2
13 11
10 9
11 6
16 10
14 13
6 12
0 15
11 13
6 5
14 4
8 9
16 15
3 5
7 8
7 0
6 13
13 14
7 10
4 10
6 11
9 3
9 13
8 14
3 12
15 13
5 8
7 3
5 11
9 15
5 6
15 0
3 6
1 15
2 7
11 7
2 4
15 9
9 0
5 0
13 6
5 13
7 7
4 12
16 3
15 4
11 8
4 14
2 14
3 15
16 9
4 4
13 9
0 10
10 2
16 6
5 12
7 5
11 2
15 2
13 12
8 11
14 16
6 6
10 5
16 14
4 6
16 5
1 0
7 15
5 1
8 10
10 12
0 6
8 8
12 1
1 11
15 3
2 10
8 1
1 9
