19 144 3512
000000000000000000
000000000000000000
000000000000000000
000000000000000000
000000000000000000
000000000000000000
000000000000000000
000000000000000000
000000000000000000
000000000000000000
000000000000000000
000000000000000000
000000000000000000
000000000000000000
000000000000000000
000000000000000000
000000000000000000
000000000000000000
000000000000000000
0000000000000000000
0000000000000000000
0000000000000000000
0000000000000000000
0000000000000000000
0000000000000000000
0000000000000000000
0000000000000000000
0000000000000000000
0000000000000000000
0000000000000000000
0000000000000000000
0000000000000000000
0000000000000000000
0000000000000000000
0000000000000000000
0000000000000000000
0000000000000000000
0 13
5 16
16 6
7 6
2 4
11 11
18 8
6 14
11 14
11 9
5 6
9 2
18 4
4 12
0 16
14 9
9 8
14 17
8 5
2 15
2 1
1 5
2 11
18 7
4 14
8 2
18 18
9 9
14 4
18 1
18 6
4 9
4 3
12 8
0 7
4 18
12 1
0 2
0 5
10 5
11 13
13 7
0 1
15 11
8 15
3 12
14 10
9 17
17 14
6 16
4 7
9 4
3 0
17 10
11 4
0 10
15 3
10 6
2 2
3 8
3 6
7 17
2 6
4 17
11 2
17 15
10 12
17 0
11 6
1 11
14 2
17 6
12 13
18 10
5 4
11 7
7 0
18 17
6 13
15 4
10 2
17 18
15 6
3 10
13 18
1 4
7 16
11 18
2 3
6 18
1 13
7 18
5 5
4 10
7 12
15 13
15 8
0 9
10 1
4 16
8 10
10 9
18 13
10 17
12 7
14 16
11 0
6 9
13 6
3 1
0 11
16 15
11 3
3 11
17 9
18 3
8 0
6 2
3 15
12 15
10 13
13 17
17 3
13 1
2 13
17 11
17 5
14 8
15 2
1 0
7 14
0 17
0 12
0 6
17 16
13 0
7 9
0 8
4 11
17 8
7 11
13 5
10 15
12 14
