163 106 1405
0 0 0 157 101 9 120 0 135 35 149 0 158 104 12
0 0 100 48 117 59 133 76 28 89 38 0 50 121 62
0 0 10 119 0 0 78 148 91 159 105 13 122 0 136
0 42 108 53 126 65 21 0 0 97 44 0 0 5 68
2 110 20 127 0 0 84 154 99 3 113 0 128 70 142
54 4 66 22 0 0 98 0 0 56 6 0 0 86 0
161 61 16 123 30 137 39 151 94 162 106 18 124 32 139
0 17 79 31 93 40 0 0 0 63 19 80 0 0 41
0 114 23 129 0 143 0 0 0 7 115 25 131 74 146
67 24 85 0 145 45 156 0 0 71 26 134 34 0 47
130 72 144 87 155 0 8 116 58 132 75 0 0 0 103
33 0 46 0 57 11 118 0 0 0 147 92 0 0 14
138 81 152 0 1 107 52 0 64 140 82 153 96 43 111
73 27 88 36 102 49 160 60 15 77 29 90 37 150 51
95 0 109 0 125 0 141 83 0 0 0 112 55 0 69
1 81 1 81 D
1 82 1 82 U
2 30 2 30 R
2 101 2 101 R
3 20 3 21 L
3 21 3 21 R
3 27 3 27 L
3 28 3 28 R
3 48 3 48 L
3 49 3 49 R
3 68 3 68 L
3 70 3 70 R
3 91 3 91 U
3 96 3 96 R
4 95 4 95 U
4 100 4 101 L
4 104 4 104 D
5 35 5 35 D
5 83 5 83 R
6 1 6 1 U
6 2 6 2 D
6 3 6 3 U
6 4 6 4 D
6 7 6 7 U
6 16 6 16 D
6 20 6 20 U
6 24 6 24 D
6 27 6 27 U
6 28 6 28 D
6 29 6 29 U
6 30 6 30 D
6 31 6 31 U
6 32 6 32 D
6 36 6 36 U
6 38 6 38 D
6 41 6 41 U
6 42 6 42 D
6 43 6 43 U
6 47 6 47 D
6 48 6 48 U
6 52 6 52 D
6 53 6 53 U
6 58 6 58 D
6 68 6 68 U
6 70 6 70 D
6 77 6 77 U
6 78 6 78 D
6 84 6 84 D
6 96 6 96 D
6 102 6 102 D
6 103 6 103 U
7 91 7 91 U
8 26 8 26 D
8 27 8 27 R
8 30 8 30 D
8 31 8 31 R
8 58 8 58 D
8 62 8 63 R
8 63 8 63 D
8 65 8 65 D
8 68 8 68 R
8 73 8 73 D
8 76 8 76 R
8 79 8 79 D
8 82 8 82 R
8 84 8 84 D
8 90 8 90 R
8 97 8 97 U
9 14 9 14 D
9 41 9 42 L
9 42 9 42 D
9 43 9 43 L
9 44 9 44 D
9 104 9 104 L
10 3 10 3 D
10 4 10 4 U
10 10 10 10 D
10 11 10 11 U
10 14 10 14 D
10 16 10 16 U
10 21 10 21 D
10 24 10 24 U
10 29 10 29 D
10 30 10 30 U
10 31 10 31 D
10 32 10 32 U
10 36 10 36 D
10 37 10 37 U
10 45 10 45 D
10 47 10 47 U
10 49 10 49 D
10 52 10 52 U
10 64 10 64 U
10 87 10 87 D
10 101 10 101 U
10 104 10 104 D
11 31 11 31 R
11 67 11 68 L
11 68 11 68 R
11 76 11 76 R
11 79 11 79 L
11 82 11 82 R
11 90 11 90 R
12 57 12 57 D
12 83 12 84 L
13 8 13 9 R
13 10 13 10 L
13 37 13 37 R
13 38 13 38 L
13 44 13 44 R
13 45 13 45 L
13 53 13 53 R
13 54 13 54 L
13 56 13 56 R
13 58 13 58 L
13 64 13 64 R
13 84 13 84 L
14 83 14 83 U
15 79 15 79 U
15 88 15 89 R
15 89 15 89 L
16 15 16 15 D
16 16 16 16 U
16 21 16 21 D
16 23 16 23 D
16 24 16 24 U
16 31 16 31 D
16 32 16 32 U
16 36 16 36 D
16 37 16 37 U
16 46 16 46 D
16 47 16 47 U
16 49 16 49 D
16 52 16 52 U
16 63 16 63 L
16 64 16 64 U
16 66 16 67 U
16 67 16 67 D
16 86 16 86 U
16 87 16 87 D
16 97 16 98 L
16 98 16 98 R
17 62 17 62 R
17 95 17 95 U
17 104 17 104 D
18 4 18 4 R
18 5 18 6 D
18 7 18 7 L
18 16 18 16 D
18 18 18 18 L
18 28 18 28 R
18 29 18 29 L
18 34 18 34 R
18 35 18 35 L
18 38 18 38 R
18 41 18 41 L
18 65 18 65 L
18 102 18 102 D
18 103 18 103 L
19 1 19 1 U
19 2 19 2 D
19 3 19 3 U
19 19 19 19 D
19 20 19 20 U
19 24 19 24 D
19 27 19 27 U
19 30 19 30 D
19 31 19 31 U
19 32 19 32 D
19 34 19 34 U
19 35 19 35 D
19 36 19 36 U
19 42 19 42 D
19 43 19 43 U
19 47 19 47 D
19 48 19 48 U
19 52 19 52 D
19 53 19 53 U
19 58 19 58 D
19 65 19 65 D
19 68 19 68 U
19 70 19 70 D
19 77 19 77 U
19 78 19 78 D
19 84 19 84 D
19 96 19 96 D
20 4 20 4 U
20 10 20 10 R
20 11 20 11 U
20 15 20 15 D
20 16 20 16 U
20 21 20 21 D
20 24 20 24 U
20 29 20 29 L
20 30 20 30 U
20 31 20 31 D
20 32 20 32 U
20 36 20 36 D
20 37 20 37 U
20 47 20 47 U
20 49 20 49 D
20 52 20 52 U
20 64 20 64 U
20 86 20 86 U
20 87 20 87 D
21 48 21 49 L
21 49 21 49 D
21 68 21 69 U
21 69 21 69 D
21 92 21 92 D
21 96 21 96 D
22 11 22 11 U
22 45 22 46 D
22 100 22 100 L
23 15 23 15 D
23 16 23 16 U
23 21 23 21 D
23 22 23 22 U
23 23 23 23 D
23 24 23 24 U
23 31 23 31 D
23 32 23 32 U
23 46 23 46 D
23 47 23 47 U
23 49 23 49 D
23 52 23 52 U
23 61 23 61 U
23 62 23 62 D
23 63 23 63 U
23 66 23 66 U
23 67 23 67 D
23 73 23 74 R
23 74 23 74 D
23 86 23 86 U
23 87 23 88 D
24 31 24 32 L
24 32 24 32 R
24 76 24 76 R
24 95 24 95 U
24 104 24 104 L
25 2 25 3 R
25 3 25 3 L
25 6 25 6 R
25 7 25 7 U
25 16 25 16 R
25 18 25 18 U
25 72 25 73 L
25 103 25 103 U
26 1 26 1 U
26 19 26 19 D
26 20 26 20 U
26 24 26 24 D
26 27 26 27 U
26 30 26 30 D
26 31 26 31 U
26 32 26 32 D
26 34 26 34 U
26 35 26 36 D
26 36 26 36 U
26 42 26 42 D
26 43 26 43 U
26 47 26 47 D
26 48 26 48 U
26 52 26 52 D
26 53 26 53 U
26 58 26 58 D
26 65 26 65 D
26 68 26 68 U
26 70 26 70 D
26 71 26 72 R
26 73 26 73 D
26 77 26 77 U
26 78 26 78 D
26 84 26 84 D
26 96 26 96 D
27 24 27 24 R
27 81 27 81 L
27 82 27 82 R
28 1 28 1 L
28 2 28 2 R
28 3 28 3 L
28 4 28 4 R
28 7 28 7 L
28 8 28 8 R
28 10 28 10 L
28 11 28 11 R
28 13 28 13 L
28 16 28 16 R
28 21 28 21 L
28 24 28 24 R
28 29 28 29 L
28 30 28 30 R
28 31 28 31 L
28 32 28 32 R
28 36 28 36 L
28 37 28 37 R
28 41 28 41 L
28 42 28 42 R
28 43 28 43 L
28 44 28 44 R
28 45 28 45 L
28 47 28 47 R
28 49 28 49 L
28 52 28 52 R
28 54 28 55 D
28 55 28 55 L
28 56 28 56 R
28 64 28 64 R
28 92 28 92 L
28 101 28 102 U
28 103 28 103 L
29 25 29 25 U
30 100 30 100 L
31 36 31 37 R
31 37 31 37 L
31 97 31 97 U
31 99 31 99 R
32 4 32 5 R
32 5 32 5 L
32 28 32 28 U
32 29 32 29 L
32 34 32 34 U
32 35 32 35 L
32 38 32 38 R
32 39 32 40 L
32 40 32 40 U
32 41 32 41 L
32 65 32 65 L
32 83 32 83 U
34 18 34 18 U
35 92 35 92 D
35 102 35 102 R
36 47 36 47 L
36 50 36 50 R
36 52 36 52 L
36 60 36 60 L
36 62 36 62 R
36 63 36 63 L
36 66 36 66 L
36 67 36 67 R
36 73 36 73 L
36 74 36 74 R
36 75 36 75 L
36 76 36 76 R
36 81 36 81 L
36 82 36 82 R
36 86 36 86 L
36 88 36 88 R
36 89 36 89 L
37 0 37 1 D
37 1 37 1 U
37 19 37 19 R
37 20 37 20 U
38 1 38 1 L
38 2 38 2 D
38 3 38 3 L
38 4 38 4 D
38 7 38 7 L
38 8 38 8 D
38 10 38 10 L
38 11 38 12 U
38 12 38 12 D
38 13 38 13 L
38 16 38 16 D
38 21 38 21 L
38 24 38 24 D
38 29 38 29 L
38 30 38 30 D
38 31 38 31 L
38 32 38 32 D
38 36 38 36 L
38 37 38 37 D
38 41 38 41 L
38 42 38 42 D
38 43 38 43 L
38 44 38 44 D
38 45 38 45 L
38 47 38 47 D
38 49 38 49 L
38 52 38 52 D
38 54 38 54 L
38 56 38 56 D
38 64 38 64 D
38 78 38 78 D
38 102 38 102 D
38 103 38 103 L
39 70 39 70 U
39 92 39 92 L
39 99 39 99 R
39 100 39 100 L
40 92 40 92 D
40 97 40 97 L
40 99 40 99 U
41 39 41 39 U
41 83 41 83 U
42 96 42 96 R
42 101 42 101 R
42 104 42 104 D
43 34 43 34 L
43 42 43 43 D
43 43 43 43 L
43 47 43 48 R
43 48 43 48 L
43 52 43 52 R
43 53 43 53 L
43 82 43 82 R
44 1 44 1 U
44 2 44 2 D
44 3 44 3 U
44 4 44 4 D
44 7 44 7 U
44 12 44 13 D
44 13 44 13 U
44 16 44 16 D
44 21 44 21 U
44 24 44 24 D
44 29 44 29 U
44 30 44 30 D
44 31 44 31 U
44 32 44 32 D
44 36 44 36 U
44 38 44 38 D
44 41 44 41 U
44 42 44 42 D
44 43 44 43 U
44 47 44 47 D
44 49 44 49 U
44 52 44 52 D
44 53 44 53 U
44 58 44 58 D
44 77 44 77 U
44 78 44 78 D
44 84 44 84 D
44 102 44 102 D
44 103 44 103 U
45 93 45 94 U
45 94 45 94 L
45 97 45 97 U
46 15 46 15 D
46 16 46 16 U
46 22 46 22 U
46 23 46 23 D
46 24 46 24 U
46 46 46 46 D
46 47 46 47 U
46 49 46 49 D
46 52 46 52 U
46 60 46 61 U
46 62 46 62 D
46 63 46 63 U
46 66 46 66 U
46 67 46 67 D
46 73 46 73 U
46 74 46 74 D
46 75 46 75 U
46 76 46 76 D
46 86 46 86 U
46 88 46 88 D
46 89 46 89 U
47 16 47 17 D
47 17 47 17 U
47 83 47 83 U
48 3 48 3 L
48 4 48 4 R
48 10 48 10 L
48 11 48 11 R
48 14 48 14 L
48 16 48 16 R
48 21 48 21 L
48 24 48 24 R
48 29 48 29 L
48 30 48 30 R
48 31 48 31 L
48 32 48 32 R
48 36 48 36 L
48 37 48 37 R
48 45 48 45 L
48 47 48 47 R
48 49 48 49 L
48 52 48 52 R
48 55 48 56 D
48 56 48 56 R
48 64 48 64 R
48 101 48 101 R
48 104 48 104 L
49 60 49 60 L
49 62 49 62 R
49 63 49 63 L
49 66 49 66 L
49 67 49 67 R
49 73 49 73 L
49 74 49 75 U
49 75 49 75 L
49 76 49 76 U
49 86 49 86 L
49 88 49 88 R
49 89 49 89 L
50 9 50 9 R
50 10 50 10 D
50 37 50 37 R
50 38 50 38 D
50 44 50 44 R
50 45 50 45 D
50 54 50 54 D
50 56 50 56 R
50 57 50 58 U
50 58 50 58 D
50 64 50 64 R
50 84 50 84 D
51 20 51 20 L
51 52 51 53 D
51 53 51 53 U
52 27 52 27 U
52 58 52 58 D
52 62 52 62 U
52 63 52 63 D
52 65 52 65 D
52 67 52 67 U
52 73 52 73 D
52 84 52 85 D
53 15 53 15 L
53 45 53 45 D
53 96 53 96 R
54 101 54 101 U
55 1 55 1 U
56 91 56 91 U
57 68 57 68 R
57 79 57 79 U
57 80 57 81 D
57 82 57 82 R
57 90 57 90 R
58 26 58 26 L
58 27 58 27 R
58 30 58 30 L
58 31 58 31 R
58 58 58 58 L
58 65 58 65 L
58 68 58 68 R
58 73 58 73 L
58 76 58 76 R
58 79 58 79 L
58 82 58 82 R
58 84 58 84 L
58 90 58 91 R
58 97 58 97 L
59 2 59 2 R
59 3 59 3 L
59 4 59 4 R
59 10 59 10 L
59 11 59 11 R
59 13 59 14 U
59 14 59 14 L
59 16 59 16 R
59 21 59 21 L
59 24 59 24 R
59 29 59 29 L
59 30 59 30 R
59 31 59 31 L
59 32 59 32 R
59 36 59 36 L
59 37 59 37 R
59 41 59 41 U
59 42 59 42 R
59 43 59 43 U
59 44 59 44 R
59 45 59 45 L
59 47 59 47 R
59 49 59 49 L
59 52 59 52 R
59 55 59 55 L
59 56 59 56 R
59 64 59 64 R
59 101 59 101 R
60 86 60 86 L
60 88 60 88 R
60 89 60 89 L
61 63 61 64 L
61 64 61 64 R
61 95 61 95 U
61 98 61 98 R
61 104 61 104 D
62 10 62 10 L
62 37 62 38 D
62 38 62 38 L
62 44 62 44 D
62 45 62 45 L
62 56 62 57 U
62 57 62 57 L
62 64 62 64 D
62 83 62 83 U
63 91 63 91 U
64 78 64 79 D
64 79 64 79 R
65 49 65 49 R
65 96 65 96 R
66 15 66 15 D
66 16 66 16 U
66 21 66 21 D
66 24 66 24 U
66 31 66 31 D
66 32 66 32 U
66 36 66 36 D
66 37 66 37 U
66 47 66 47 U
66 49 66 49 D
66 52 66 52 U
66 64 66 64 U
66 67 66 67 D
66 86 66 86 U
66 87 66 87 D
66 100 66 100 L
67 32 67 32 R
67 95 67 95 R
67 104 67 104 D
68 45 68 45 U
68 64 68 65 D
68 83 68 83 U
69 53 69 53 U
70 29 70 29 D
70 34 70 35 U
70 35 70 35 D
70 40 70 41 L
70 41 70 41 D
70 65 70 65 D
70 83 70 83 U
71 91 71 91 U
72 90 72 90 R
72 94 72 95 L
73 81 73 82 D
73 82 73 82 R
74 7 74 7 L
74 16 74 16 R
74 17 74 17 L
75 1 75 1 U
75 19 75 19 D
75 20 75 20 U
75 24 75 24 D
75 25 75 25 L
75 27 75 27 U
75 30 75 30 L
75 31 75 31 U
75 32 75 32 D
75 34 75 34 U
75 36 75 36 U
75 42 75 42 D
75 43 75 43 U
75 47 75 47 D
75 48 75 48 U
75 52 75 52 D
75 53 75 53 U
75 58 75 58 L
75 65 75 65 L
75 68 75 68 U
75 70 75 70 D
75 71 75 71 U
75 73 75 73 L
75 76 75 76 D
75 77 75 77 U
75 78 75 78 D
75 79 75 79 L
75 82 75 82 D
75 84 75 84 L
75 96 75 96 D
75 97 75 97 L
76 1 76 1 L
76 2 76 2 R
76 3 76 3 L
76 4 76 4 R
76 7 76 8 D
76 8 76 8 R
76 10 76 10 L
76 11 76 11 R
76 13 76 13 L
76 16 76 16 R
76 21 76 21 L
76 24 76 24 R
76 29 76 29 L
76 30 76 30 R
76 31 76 31 L
76 32 76 32 R
76 36 76 36 L
76 37 76 37 R
76 41 76 41 L
76 42 76 42 R
76 43 76 43 L
76 44 76 44 R
76 45 76 45 L
76 47 76 47 R
76 49 76 49 L
76 52 76 52 R
76 55 76 55 L
76 56 76 56 R
76 64 76 64 R
76 92 76 92 L
76 101 76 101 R
76 103 76 103 L
77 89 77 89 L
78 69 78 69 D
78 92 78 92 D
79 15 79 15 D
79 16 79 16 U
79 21 79 21 D
79 22 79 23 U
79 23 79 23 D
79 24 79 24 U
79 31 79 31 D
79 32 79 32 U
79 36 79 36 R
79 37 79 37 U
79 46 79 46 D
79 47 79 47 U
79 49 79 49 D
79 52 79 52 U
79 61 79 62 L
79 62 79 62 D
79 63 79 63 U
79 66 79 66 U
79 67 79 67 D
79 86 79 86 U
79 87 79 87 D
80 6 80 6 D
80 7 80 7 U
80 16 80 16 D
80 18 80 18 U
80 102 80 103 D
80 103 80 103 U
81 49 81 50 L
81 50 81 50 R
82 0 82 0 R
82 1 82 1 U
82 19 82 19 R
82 20 82 20 U
82 24 82 25 D
82 25 82 25 U
82 32 82 32 R
82 34 82 34 U
82 42 82 42 R
82 43 82 43 U
82 47 82 47 R
82 48 82 48 U
82 52 82 52 R
82 53 82 53 U
82 70 82 71 L
82 71 82 71 U
82 76 82 76 R
82 77 82 77 U
82 78 82 78 L
82 79 82 79 U
82 82 82 82 R
83 66 83 66 L
84 27 84 28 D
84 28 84 28 R
84 48 84 48 U
84 49 84 49 R
84 68 84 68 U
84 69 84 69 D
84 70 84 70 R
84 92 84 92 D
84 96 84 96 R
85 15 85 15 D
85 16 85 16 U
85 21 85 21 D
85 22 85 22 U
85 23 85 23 D
85 24 85 24 U
85 31 85 31 L
85 32 85 32 U
85 46 85 46 D
85 47 85 47 U
85 49 85 49 D
85 52 85 52 U
85 61 85 61 U
85 62 85 62 D
85 63 85 63 U
85 66 85 66 U
85 67 85 67 D
85 73 85 73 U
85 74 85 74 D
85 75 85 76 L
85 76 85 76 D
85 86 85 86 U
85 88 85 88 D
86 28 86 29 U
86 29 86 29 D
86 34 86 34 U
86 35 86 35 D
86 40 86 40 U
86 41 86 41 D
86 65 86 65 D
86 83 86 83 U
87 90 87 90 R
87 94 87 94 L
88 15 88 16 D
88 16 88 16 U
88 23 88 24 L
88 24 88 24 U
88 46 88 47 R
88 47 88 47 U
88 50 88 50 R
88 52 88 52 U
88 60 88 60 U
88 62 88 62 R
88 63 88 63 U
88 66 88 66 U
88 67 88 67 R
88 73 88 73 U
88 74 88 74 R
88 75 88 75 U
88 76 88 76 R
88 81 88 81 L
88 82 88 82 R
88 86 88 86 U
88 88 88 88 R
88 89 88 89 U
89 1 89 1 L
89 2 89 2 R
89 3 89 3 L
89 4 89 4 R
89 7 89 7 L
89 8 89 8 R
89 10 89 10 L
89 11 89 11 R
89 13 89 13 L
89 16 89 16 R
89 21 89 21 L
89 24 89 24 R
89 29 89 29 L
89 30 89 30 R
89 31 89 31 L
89 32 89 32 R
89 36 89 36 L
89 37 89 37 R
89 41 89 41 L
89 42 89 42 R
89 43 89 43 L
89 44 89 44 R
89 45 89 45 L
89 47 89 47 R
89 49 89 49 L
89 52 89 52 R
89 54 89 54 L
89 56 89 56 R
89 64 89 64 R
89 91 89 92 U
89 92 89 92 L
89 103 89 103 L
90 33 90 33 U
90 76 90 77 D
90 77 90 77 U
91 55 91 55 U
92 97 92 97 L
93 37 93 37 L
93 97 93 97 L
93 99 93 99 R
94 100 94 100 L
95 82 95 82 U
96 0 96 0 D
96 1 96 1 L
96 19 96 19 D
96 20 96 20 L
96 33 96 34 R
96 34 96 34 L
96 42 96 42 R
96 43 96 43 L
96 47 96 47 R
96 48 96 48 L
96 52 96 52 R
96 53 96 53 L
96 82 96 82 R
97 91 97 91 U
98 28 98 28 U
98 69 98 70 D
98 70 98 70 U
98 92 98 92 D
99 21 99 21 R
99 27 99 27 L
99 28 99 28 R
99 48 99 48 L
99 49 99 49 R
99 68 99 68 L
99 70 99 70 R
99 96 99 96 R
100 3 100 3 D
100 4 100 4 R
100 10 100 10 D
100 11 100 11 R
100 14 100 14 D
100 16 100 16 R
100 21 100 21 D
100 24 100 24 R
100 29 100 29 D
100 30 100 30 R
100 31 100 31 D
100 32 100 32 R
100 36 100 36 D
100 37 100 37 R
100 45 100 45 D
100 47 100 47 R
100 49 100 49 D
100 52 100 52 R
100 64 100 64 R
100 101 100 101 R
100 104 100 104 D
101 42 101 42 R
101 43 101 44 L
101 44 101 44 R
101 104 101 104 L
102 50 102 51 D
102 52 102 52 L
102 60 102 60 L
102 62 102 62 R
102 63 102 63 L
102 66 102 66 L
102 67 102 67 R
102 73 102 73 L
102 74 102 74 R
102 75 102 75 L
102 76 102 76 R
102 81 102 81 L
102 82 102 82 U
102 86 102 86 L
102 88 102 88 R
102 89 102 89 L
103 17 103 17 U
103 83 103 83 U
104 84 104 84 L
105 1 105 1 U
105 2 105 2 D
105 3 105 3 U
105 4 105 4 D
105 7 105 7 U
105 8 105 8 R
105 10 105 10 U
105 12 105 12 D
105 13 105 13 U
105 16 105 16 D
105 21 105 21 U
105 24 105 24 D
105 29 105 29 U
105 30 105 30 D
105 31 105 31 U
105 32 105 32 D
105 36 105 36 U
105 37 105 37 R
105 38 105 38 D
105 41 105 41 U
105 42 105 42 D
105 43 105 43 U
105 44 105 44 R
105 45 105 45 U
105 47 105 47 D
105 49 105 49 U
105 52 105 52 D
105 53 105 53 R
105 54 105 54 U
105 56 105 56 R
105 58 105 58 D
105 64 105 64 R
105 77 105 78 U
105 78 105 78 D
105 84 105 84 D
105 102 105 102 D
105 103 105 103 U
106 1 106 1 U
106 2 106 2 D
106 3 106 3 U
106 4 106 4 R
106 7 106 7 U
106 16 106 16 R
106 18 106 19 L
106 19 106 19 D
106 20 106 20 U
106 24 106 24 D
106 27 106 27 U
106 28 106 28 R
106 29 106 29 U
106 30 106 30 D
106 31 106 31 U
106 32 106 32 D
106 34 106 34 R
106 35 106 35 D
106 36 106 36 U
106 38 106 38 R
106 41 106 41 U
106 42 106 42 D
106 43 106 43 U
106 47 106 47 D
106 48 106 48 U
106 52 106 52 D
106 53 106 53 U
106 58 106 58 D
106 65 106 65 D
106 68 106 68 U
106 70 106 70 D
106 77 106 77 U
106 78 106 78 D
106 84 106 84 D
106 96 106 96 D
106 102 106 102 R
106 103 106 103 U
107 75 107 75 D
107 76 107 76 U
108 3 108 4 D
108 4 108 4 U
108 10 108 10 D
108 11 108 11 U
108 14 108 15 R
108 15 108 15 D
108 16 108 16 U
108 21 108 21 D
108 24 108 24 U
108 29 108 29 D
108 30 108 30 U
108 31 108 31 D
108 32 108 32 U
108 36 108 36 D
108 37 108 37 U
108 45 108 45 R
108 47 108 47 U
108 49 108 49 D
108 52 108 52 U
108 64 108 64 U
108 86 108 87 U
108 87 108 87 D
108 96 108 96 R
108 101 108 101 U
108 104 108 104 L
109 16 109 16 U
110 29 110 30 L
110 30 110 30 R
110 95 110 96 U
110 101 110 101 U
110 104 110 104 D
111 48 111 48 L
111 52 111 52 D
111 53 111 53 L
111 82 111 83 U
112 77 112 77 U
113 1 113 1 U
113 2 113 2 D
113 3 113 3 U
113 4 113 4 D
113 7 113 7 U
113 13 113 13 U
113 16 113 16 D
113 20 113 20 L
113 21 113 21 U
113 24 113 24 D
113 27 113 27 L
113 28 113 28 D
113 29 113 29 U
113 30 113 30 D
113 31 113 31 U
113 32 113 32 D
113 36 113 36 U
113 38 113 38 D
113 41 113 41 U
113 42 113 42 D
113 43 113 43 U
113 47 113 47 D
113 48 113 48 L
113 49 113 49 U
113 52 113 52 D
113 53 113 53 U
113 58 113 58 D
113 68 113 68 L
113 70 113 70 D
113 77 113 77 U
113 78 113 78 D
113 84 113 84 D
113 96 113 96 D
113 102 113 102 D
113 103 113 103 U
114 95 114 95 U
114 104 114 104 D
115 1 115 1 U
115 2 115 2 R
115 3 115 3 U
115 19 115 19 D
115 20 115 20 U
115 24 115 24 D
115 27 115 27 U
115 30 115 30 D
115 31 115 31 U
115 32 115 32 D
115 34 115 34 U
115 35 115 35 D
115 36 115 36 U
115 42 115 42 D
115 43 115 43 U
115 47 115 47 D
115 48 115 48 U
115 52 115 52 D
115 53 115 53 U
115 58 115 58 D
115 65 115 65 D
115 68 115 68 U
115 70 115 70 D
115 73 115 73 D
115 77 115 77 U
115 78 115 78 D
115 84 115 84 D
115 96 115 96 D
116 26 116 26 L
116 27 116 27 R
116 30 116 30 L
116 31 116 31 R
116 58 116 58 L
116 63 116 63 L
116 65 116 65 L
116 68 116 68 R
116 73 116 73 L
116 76 116 76 R
116 79 116 79 L
116 82 116 82 R
116 84 116 84 L
116 90 116 90 R
116 97 116 97 L
117 3 117 3 L
117 4 117 4 R
117 10 117 10 L
117 11 117 11 R
117 14 117 14 L
117 16 117 16 R
117 21 117 21 L
117 24 117 24 R
117 29 117 29 L
117 30 117 30 R
117 31 117 31 L
117 32 117 32 R
117 36 117 36 L
117 37 117 37 R
117 45 117 45 L
117 47 117 47 R
117 49 117 49 L
117 52 117 52 R
117 55 117 55 L
117 56 117 56 R
117 64 117 64 R
117 101 117 101 R
118 26 118 27 D
118 27 118 27 U
118 30 118 31 L
118 31 118 31 U
118 58 118 58 D
118 62 118 62 U
118 63 118 63 D
118 65 118 65 D
118 67 118 67 L
118 68 118 68 U
118 73 118 73 D
118 76 118 76 U
118 79 118 79 L
118 82 118 82 U
118 84 118 84 D
118 90 118 90 U
119 56 119 56 U
120 104 120 104 L
121 9 121 10 R
121 10 121 10 L
121 37 121 37 R
121 38 121 38 L
121 44 121 44 R
121 45 121 45 L
121 56 121 56 R
121 57 121 57 L
121 64 121 64 R
122 9 122 9 U
122 10 122 10 L
122 37 122 37 U
122 38 122 38 L
122 44 122 44 U
122 45 122 45 L
122 53 122 54 U
122 54 122 54 L
122 56 122 56 U
122 58 122 58 L
122 64 122 64 U
122 84 122 84 L
123 46 123 46 L
123 97 123 97 L
123 98 123 99 D
123 100 123 100 U
124 4 124 4 R
124 5 124 5 L
124 28 124 28 R
124 29 124 29 L
124 34 124 34 R
124 35 124 35 L
124 38 124 38 R
124 40 124 40 R
124 41 124 41 L
124 65 124 65 L
125 51 125 52 U
126 96 126 96 R
127 10 127 11 D
127 11 127 11 L
127 45 127 45 D
128 41 128 41 R
129 74 129 74 L
130 95 130 95 U
130 104 130 105 D
131 3 131 3 L
131 6 131 7 R
131 7 131 7 L
131 16 131 16 R
131 17 131 18 D
131 18 131 18 L
132 25 132 26 L
132 27 132 27 R
132 30 132 30 L
132 31 132 31 R
132 58 132 58 L
132 65 132 65 L
132 68 132 68 R
132 73 132 73 L
132 76 132 76 R
132 79 132 79 L
132 82 132 82 R
132 84 132 84 L
132 91 132 91 U
132 97 132 97 L
133 1 133 2 L
133 2 133 2 R
133 3 133 3 L
133 4 133 4 R
133 10 133 10 L
133 11 133 11 R
133 13 133 13 L
133 16 133 16 R
133 21 133 21 L
133 24 133 24 R
133 29 133 29 L
133 30 133 30 R
133 31 133 31 L
133 32 133 32 R
133 36 133 36 L
133 37 133 37 R
133 41 133 41 L
133 42 133 42 R
133 43 133 43 L
133 44 133 44 R
133 45 133 45 L
133 47 133 47 R
133 49 133 49 L
133 52 133 52 R
133 55 133 55 L
133 56 133 56 R
133 64 133 64 R
133 92 133 92 D
133 101 133 101 R
133 103 133 104 U
134 72 134 72 U
135 102 135 102 R
136 38 136 38 U
136 44 136 45 D
136 45 136 45 U
136 64 136 64 D
136 83 136 83 U
137 92 137 92 D
137 99 137 99 R
137 100 137 100 L
138 50 138 50 R
139 5 139 5 L
139 38 139 39 D
139 39 139 39 L
139 83 139 83 L
140 71 140 71 R
140 78 140 78 L
140 79 140 79 R
141 59 141 59 U
141 65 141 66 R
141 66 141 66 U
142 65 142 65 L
143 92 143 93 D
143 94 143 94 D
143 97 143 97 U
144 15 144 15 D
144 16 144 16 U
144 21 144 22 D
144 22 144 22 U
144 23 144 23 D
144 24 144 24 U
144 46 144 46 D
144 47 144 47 U
144 49 144 49 D
144 52 144 52 U
144 61 144 61 U
144 62 144 62 D
144 63 144 63 U
144 66 144 66 U
144 67 144 67 D
144 73 144 73 U
144 74 144 74 D
144 75 144 75 U
144 76 144 76 D
144 86 144 86 U
144 88 144 88 D
144 89 144 90 L
144 90 144 90 R
144 94 144 94 L
145 80 145 80 D
145 94 145 94 D
146 16 146 16 D
146 17 146 17 L
146 83 146 83 U
147 1 147 1 U
147 19 147 19 D
147 20 147 20 U
147 24 147 24 D
147 25 147 25 U
147 32 147 32 D
147 34 147 34 U
147 42 147 42 D
147 43 147 43 U
147 47 147 47 D
147 48 147 48 U
147 52 147 52 D
147 53 147 53 U
147 70 147 70 D
147 71 147 71 U
147 76 147 76 D
147 77 147 77 U
147 78 147 78 D
147 79 147 79 U
147 82 147 82 D
147 96 147 97 R
147 97 147 97 U
148 8 148 8 U
149 12 149 12 D
149 102 149 102 D
150 19 150 20 R
150 20 150 20 L
150 43 150 43 U
151 99 151 100 R
151 100 151 100 L
152 15 152 15 D
152 16 152 16 U
152 23 152 23 D
152 24 152 24 U
152 46 152 46 D
152 47 152 47 U
152 49 152 49 L
152 50 152 50 D
152 52 152 52 U
152 60 152 60 U
152 62 152 62 D
152 63 152 63 U
152 66 152 66 U
152 67 152 67 D
152 73 152 73 U
152 74 152 74 D
152 75 152 75 U
152 76 152 76 D
152 86 152 86 U
152 88 152 88 D
152 89 152 89 U
153 0 153 0 R
153 1 153 1 L
153 19 153 19 R
153 20 153 20 L
153 32 153 33 D
153 33 153 33 R
153 34 153 34 L
153 42 153 42 R
153 43 153 43 L
153 47 153 47 R
153 48 153 48 L
153 52 153 52 R
153 53 153 53 L
153 76 153 76 D
153 77 153 77 L
153 82 153 82 R
154 27 154 27 L
154 28 154 28 R
154 48 154 48 L
154 49 154 49 R
154 68 154 68 L
154 70 154 70 R
154 96 154 96 R
155 79 155 80 U
155 80 155 80 D
155 90 155 90 D
155 94 155 94 L
156 97 156 97 L
157 44 157 44 R
157 104 157 104 D
158 58 158 58 D
158 84 158 84 D
159 91 159 91 U
160 58 160 59 D
160 59 160 60 L
160 62 160 62 U
160 63 160 63 L
160 65 160 65 D
160 66 160 66 L
160 67 160 67 U
160 73 160 73 L
160 85 160 86 R
160 86 160 86 L
160 88 160 88 R
160 89 160 89 L
161 64 161 64 R
162 19 162 19 R
162 91 162 91 U