11 103 1572
0010000000
0010000000
0010000000
0010000000
0010000000
0010000001
0000010001
0000010000
0000010000
0000010000
0000000000
00000000000
00100000000
00000000000
00000000000
00000000000
00000000000
00000000011
00000000011
00000000000
11111100000
10 9
7 9
4 10
0 1
8 6
9 8
10 1
7 6
6 3
9 6
5 7
4 5
7 7
7 5
3 4
10 10
5 4
3 9
5 10
9 9
6 0
8 2
9 3
9 1
1 7
0 8
8 1
4 7
6 1
9 10
6 10
0 2
0 5
0 0
3 10
2 0
3 1
7 4
5 0
0 7
5 2
8 5
0 6
2 8
3 3
1 1
1 10
0 4
8 3
8 0
9 5
4 4
4 6
0 3
1 6
5 1
1 3
8 9
10 6
8 7
1 8
1 2
5 3
2 7
9 2
10 7
2 3
9 4
2 1
4 1
3 8
7 2
6 9
10 5
1 4
3 2
8 10
5 9
4 3
5 8
6 7
2 10
4 2
10 3
3 6
6 2
6 4
2 4
0 9
1 0
8 4
6 5
7 10
5 5
7 0
3 5
2 9
4 0
8 8
2 5
3 7
10 0
4 9
