11 84 1059
0000000000
0000000000
0000000000
0000000000
0000000000
0000000000
0000000000
0000000000
0000000000
0000000000
0000000000
00000000000
00000000000
00000000000
00000000000
00000000000
00000000000
00000000000
00000000000
00000000000
00000000000
6 4
0 3
6 1
10 10
8 6
5 2
9 1
3 10
3 1
6 7
9 2
8 7
0 1
10 2
0 5
5 3
9 8
7 3
2 3
5 7
1 5
1 10
1 7
2 2
7 4
9 7
4 6
5 4
10 0
1 1
5 9
8 2
5 0
6 2
1 6
9 4
6 9
0 7
9 9
2 9
2 0
4 7
6 5
8 4
1 9
4 9
8 0
6 0
10 7
7 7
7 9
6 3
0 8
8 9
0 2
9 10
9 5
6 8
5 1
4 0
8 10
8 8
2 6
3 2
10 1
7 2
10 3
4 8
4 2
2 4
10 8
5 5
8 1
7 8
2 1
4 10
10 4
1 8
7 10
9 0
10 5
9 6
6 10
4 3
