19 83 2172
000000000000000100
000000000000000100
000000000000000000
000000100000000000
000000000000000000
000000000001000000
000000000101000000
000000000101000100
010000000101000100
010000000101000100
010000000101000100
010001001101000100
010001000101000100
010001000101000100
010001000101000100
010001000101000100
010001000101000100
010000000101000100
010000000101000100
1111111111100000000
1100000000000000000
0000000000000000000
1111111111111111000
1111111000000000000
0000000000000000000
0000111111000000000
0000000000010000000
0000000000000000000
0000000000000000000
0000011111000000000
0000000000000000000
0000000000000000000
0000000000000000000
0000000000000000000
0000000000000000000
0000010000000000000
0000000000000000000
3 12
3 6
15 5
6 15
2 9
16 3
5 18
7 1
2 6
5 14
17 8
2 10
9 12
5 5
4 0
14 9
11 16
1 4
6 4
8 10
1 13
10 3
0 2
3 0
3 7
12 9
13 18
13 3
10 1
12 16
8 15
8 1
9 0
18 14
18 8
2 4
8 5
3 4
4 10
14 15
14 11
13 13
11 9
6 6
4 17
14 2
4 12
12 12
18 0
16 11
14 13
5 6
9 17
5 3
13 8
8 13
9 2
15 9
18 12
10 8
7 12
4 9
4 14
15 17
18 3
9 8
14 17
10 11
16 18
8 11
17 16
16 14
7 11
15 18
17 2
5 17
15 7
12 0
1 10
16 1
4 3
8 2
17 18
