17 148 5557
1000000000010001
1000010000010001
1000110000010001
1000110000010001
1000010000010000
0000010000010000
0000000000110000
0000000000110000
0000000000110000
0000100000110000
0000100000110000
0000100000110000
0000000000110000
0000000000110010
0000000000000010
0000000000000010
0000000000000010
00000000000000000
00000000000000000
00000000000010000
00111100000000000
00000000000000000
00000011111100000
00000000000000000
00000000000000000
11111000000011000
00000000000000000
00000000000001111
00000000000011100
00000000000000000
00000000000000000
00000000000000000
00000000000000000
2 9
16 7
1 5
11 11
15 15
15 16
15 7
16 15
5 3
10 1
9 12
3 12
0 15
16 10
16 0
3 15
5 13
1 16
4 4
7 9
5 1
7 4
3 8
0 12
11 4
6 2
3 16
6 3
15 8
4 14
10 15
11 15
7 6
6 6
0 11
13 4
9 0
10 5
16 2
10 14
6 14
14 4
12 0
15 5
3 13
6 4
3 14
12 11
11 0
4 0
15 14
13 0
2 16
4 5
9 8
10 10
15 4
13 7
12 2
13 11
12 6
12 5
8 12
5 7
10 7
14 1
6 1
0 10
5 9
10 6
3 2
10 11
1 7
5 12
3 0
16 3
13 8
8 3
1 15
3 1
0 9
15 12
11 14
8 1
13 16
5 2
7 13
3 5
12 13
2 6
15 3
6 11
14 10
7 15
15 0
7 2
11 6
9 13
10 3
2 10
15 10
6 5
10 9
5 8
4 3
9 5
5 5
4 8
12 9
4 6
14 12
4 15
0 8
13 13
16 9
11 16
1 14
8 7
16 13
13 12
9 11
2 3
12 10
15 11
6 13
1 13
10 8
16 4
4 10
5 11
9 3
9 16
8 10
4 1
3 3
7 10
1 12
3 4
4 11
7 1
7 14
2 1
9 1
7 8
12 4
16 6
2 5
6 7
