15 182 4216
01000000000000
00000000000000
00000000001000
00000000000000
00000000000000
00000000000000
00000000000000
00000000000000
01000000000100
01000000000100
01000000000000
00000000000000
00001000000000
01001001000000
01000001000000
000000000000000
000111111111111
000000000000000
000000000000000
011111111111111
001111111111111
000000000000000
111111000000000
000000000000000
000011111111111
000000000000000
111110000000000
000000000000000
000000000000000
6 0
10 14
7 6
9 0
8 5
12 14
4 5
4 10
5 4
6 8
6 10
3 4
4 6
11 2
3 2
13 0
2 6
8 11
14 6
12 11
11 14
7 13
5 2
9 1
9 14
13 2
8 9
2 1
11 4
1 12
6 3
11 7
9 10
9 5
9 3
6 11
13 10
0 13
13 8
8 8
10 9
4 14
1 7
10 3
8 10
5 13
12 12
7 12
11 8
10 13
3 7
6 13
13 14
7 11
2 8
11 6
1 13
12 5
6 5
12 2
10 12
14 3
1 8
0 4
7 5
4 1
9 2
4 13
12 10
2 7
10 11
14 1
4 2
13 13
1 3
10 0
2 4
10 8
8 6
11 0
14 8
2 10
4 7
7 9
10 6
11 12
3 9
9 6
5 12
9 4
14 5
11 5
6 12
10 7
3 5
10 5
14 2
12 3
11 3
13 1
6 1
12 7
2 14
9 13
10 4
5 9
10 1
4 11
8 2
7 1
0 11
11 9
0 5
11 13
5 5
0 10
14 12
4 8
6 7
3 8
6 6
4 12
7 8
7 0
1 10
5 14
6 9
11 11
5 1
13 4
5 0
0 9
1 9
4 3
13 5
0 2
6 14
11 10
14 7
4 9
1 4
2 12
14 9
0 1
1 2
7 7
7 3
12 4
5 3
8 4
0 6
1 11
3 13
12 0
9 8
13 6
9 7
5 6
11 1
8 1
3 11
1 0
5 7
0 8
8 13
3 0
12 13
14 14
6 4
5 10
0 0
7 10
7 2
10 10
8 3
3 10
5 8
0 7
0 12
2 11
0 14
1 6
