14 138 2161
0000000000000
0000000000000
0000000000000
0000000000000
0000000000000
0000000000000
0000000000000
0000000000000
0000000000000
0000000000100
0000000000100
0000000000100
0000100000100
0000100000100
00000000000111
00000000000000
11111111000000
00000000000000
11111111111100
00000000000000
00000000000000
00000000000000
00000000000000
00000000000000
00000000000000
00000000000000
00000000000000
0 11
7 2
6 6
6 0
3 8
9 2
5 2
10 0
12 10
6 9
3 10
3 6
13 3
9 6
4 0
4 3
8 6
8 8
1 6
2 6
0 6
10 7
1 0
7 3
12 11
7 8
7 9
13 12
13 4
11 11
12 6
11 9
10 12
7 6
1 11
6 2
6 11
0 13
12 4
8 7
1 10
2 9
12 9
13 9
9 12
12 3
4 1
13 11
13 8
6 10
8 0
12 12
11 4
11 6
3 0
8 1
3 12
10 2
4 13
4 8
4 11
1 12
8 11
5 7
10 8
1 3
2 5
9 3
0 3
0 1
13 2
0 0
12 1
2 3
8 12
2 4
2 7
13 13
6 8
6 4
0 8
12 8
13 10
13 0
1 7
3 3
6 7
9 5
10 6
9 11
6 5
4 2
2 2
5 8
2 0
8 2
0 5
7 1
11 13
7 11
3 1
10 10
3 13
9 9
4 4
6 1
2 1
10 1
1 4
9 4
9 13
4 10
3 2
5 3
1 5
11 8
0 12
1 13
12 2
3 7
11 5
13 1
3 11
7 5
6 13
8 3
1 1
9 1
5 10
11 7
8 5
13 6
1 2
4 9
5 13
12 13
4 6
8 10
