11 95 1725
1000000100
1000000100
1000000110
1000000110
1000000110
1000000110
1000000110
0001000110
0001000010
0001000010
0001000000
00000000000
00000000000
00000111000
00000000000
00000000000
01000000000
00000000000
00000000000
00000000000
00000011111
9 0
5 1
6 0
10 5
7 8
4 1
1 3
10 1
0 5
0 4
2 9
2 7
3 3
8 3
4 2
7 5
1 8
1 1
7 2
9 3
2 0
1 4
5 3
9 4
1 5
0 9
9 8
6 10
9 5
0 10
4 5
6 5
0 6
7 1
3 4
9 7
2 1
8 2
8 10
5 7
10 0
10 3
0 3
8 4
10 9
7 4
2 3
9 2
2 2
8 6
1 10
7 7
6 2
1 0
7 10
4 10
9 10
3 0
4 3
1 9
5 9
4 4
5 8
10 2
3 8
8 9
10 7
0 1
2 8
6 6
10 6
8 8
2 6
4 6
3 2
10 4
7 9
0 8
5 5
4 0
3 1
1 2
0 2
6 8
9 9
3 9
3 7
0 0
6 7
4 9
8 1
8 7
1 6
3 6
7 0
