10 78 914
000000101
000000101
000000101
000000101
000100001
000100000
000100000
000100000
000100000
000100000
0000000000
0001111000
0000000010
0000000100
0000000000
0000000000
0000000001
0000000000
0000000000
7 4
1 2
8 9
3 9
2 2
5 2
4 4
7 8
9 0
7 9
8 8
3 2
0 1
8 4
2 3
9 4
6 0
1 7
3 1
8 0
4 5
3 3
2 7
2 5
9 1
0 6
5 0
9 5
6 1
6 4
7 2
4 6
4 2
7 1
2 1
8 6
2 8
4 8
5 1
2 4
8 3
7 0
3 4
5 5
3 8
2 6
9 2
7 6
1 1
1 8
1 6
5 9
0 4
1 4
3 0
9 8
7 7
0 7
5 3
6 3
1 0
5 7
3 7
1 3
3 6
9 6
8 1
6 9
4 7
0 0
0 5
1 9
9 3
0 8
9 7
8 7
4 9
2 0
