19 81 1552
000000000000000000
000000000000000000
000000000000000000
000000000000000000
000000000000000000
000000000000000000
000000000000000000
000000000000000000
000000000000000000
000000000000000000
000000000000000000
000000000000000000
000000000000000000
000000000000000000
000000000000000000
000000000000000000
000000000000000000
000000000000000000
000000000000000000
0000000000000000000
0000000000000000000
0000000000000000000
0000000000000000000
0000000000000000000
0000000000000000000
0000000000000000000
0000000000000000000
0000000000000000000
0000000000000000000
0000000000000000000
0000000000111111111
0000000000000000000
0000000000000000000
0000000000000000000
0000000000000000000
0000000000000001111
0000000000000000000
7 18
1 12
16 9
5 1
8 6
7 4
17 5
7 9
16 15
4 1
5 4
12 5
4 9
16 2
1 15
9 10
1 2
8 3
9 9
7 0
11 1
18 11
15 0
17 9
17 18
13 10
1 1
0 17
8 11
18 10
6 4
2 3
18 16
7 14
4 3
15 12
18 2
2 13
13 15
14 6
0 14
13 3
14 10
8 15
14 17
11 5
2 18
6 0
9 5
14 0
12 9
10 5
15 10
16 16
2 11
11 8
14 16
17 11
0 11
18 7
16 13
18 14
3 0
8 8
18 5
5 8
8 9
13 16
3 15
11 17
8 2
3 8
15 18
5 16
0 16
1 8
5 5
5 7
0 7
16 8
0 12
