13 162 2444
000000000000
000000000000
000000000000
000000000000
000000000000
000000000000
000000000000
000000000000
000000000000
000000000000
000000000000
000000000000
000000000000
0000000000000
0000000000000
0000000000000
0000000000000
0000000000000
0111111111111
0000000000000
0000000000000
0000000000000
0000000000000
1000000000111
0000000000000
7 0
3 2
1 0
2 10
3 10
10 1
10 4
6 5
2 11
4 12
0 12
10 5
9 10
2 5
2 8
6 10
0 4
5 11
7 11
1 8
8 9
10 8
5 8
0 9
4 2
4 8
12 6
2 4
10 9
8 10
10 10
11 0
11 6
6 4
7 10
2 7
12 1
10 0
3 4
2 12
7 4
2 1
1 9
3 1
12 3
9 9
7 8
8 8
8 5
11 10
4 9
4 1
6 8
7 1
6 6
1 12
2 6
4 11
6 0
4 0
3 8
0 5
12 9
0 0
7 2
8 11
6 12
0 3
9 3
7 9
7 7
0 8
12 11
0 7
10 6
1 1
4 3
5 10
2 0
5 12
5 0
6 7
9 12
9 2
11 5
9 7
0 2
5 5
7 12
1 3
11 2
12 2
10 2
8 6
6 11
9 1
3 7
1 11
11 11
8 7
11 12
0 10
9 0
8 4
12 7
8 12
11 4
10 11
7 6
5 3
1 2
4 6
4 7
12 0
8 1
12 5
9 8
5 4
12 4
1 6
3 11
7 3
5 1
12 8
11 1
3 3
5 2
9 4
11 3
4 5
1 5
8 3
6 1
0 11
3 12
11 7
7 5
10 7
5 7
3 6
3 5
2 3
3 9
5 9
4 10
0 6
6 2
1 7
8 2
3 0
9 5
12 12
9 6
1 4
10 3
6 9
6 3
12 10
11 8
11 9
0 1
4 4
