17 80 3298
0000000000000000
0000000000000000
0000000000000000
0000000000000000
0000000000000000
0000000000000000
0010000000000000
0010000000000001
0010100000000001
0010100000000001
0010000000000001
0010000000000001
0010000000000000
0010000000000000
0010000000000000
0010000000000000
0010000000000000
00000000000000000
00000000000000000
11111111111111110
00000000000000000
00001111111111111
00011111111100000
00000000000000000
00000000000000110
00000000000000000
00011101111111110
00000000000000000
00011111111111110
00011111000000000
00011111011111111
00011111111111110
00000000000000000
16 16
9 9
5 2
11 6
15 5
11 5
12 0
9 5
16 0
10 3
4 0
4 3
14 14
14 3
4 4
14 12
12 15
14 4
13 4
1 3
15 3
9 14
6 0
6 13
14 13
8 4
1 4
5 16
10 9
11 10
11 8
16 9
15 12
13 9
7 10
12 8
0 13
13 14
6 15
1 14
13 7
9 1
10 16
1 13
0 12
5 3
7 16
3 14
9 11
13 11
10 12
8 12
4 7
2 12
16 11
12 16
8 13
11 9
10 2
10 4
7 7
6 4
12 5
3 9
9 10
13 5
16 10
9 4
4 6
6 11
4 1
1 1
5 8
8 11
15 16
2 7
7 2
4 12
12 12
7 15
