19 270 6439
000000000000000000
000000000000000000
000000000000000000
000000000000000000
000000000000000000
000000000000000000
000000000000000000
000000000000000000
000000000000000000
000000000000010000
000000000000010000
000000000000010000
000000000000010000
000000000000010000
000000000000010000
000000000000010000
000000000000010000
000000000000010000
000000000000010000
0000000000000000000
0000000000000000000
0000000000000000000
0000000000000000000
0000000000000000000
0000000000000000000
0000000000000000000
0000000000000000000
0000000000000000000
0000000000000000000
0000000000000000000
1111110000000000000
0000000000000000000
0000000000000000000
0000000000000000000
0000000000000000000
0000000000000000000
0000000000000000000
5 8
14 14
16 17
7 0
1 15
13 15
11 4
11 11
8 2
6 2
11 6
1 7
3 12
7 6
8 13
12 17
16 16
2 17
16 4
18 11
15 9
12 4
5 15
7 16
16 2
11 1
14 4
12 2
13 12
16 0
13 16
10 5
3 17
16 3
10 17
14 15
17 18
1 12
2 7
4 9
7 11
2 9
16 18
1 9
6 17
7 4
12 15
14 13
18 17
12 11
14 18
8 9
10 6
3 1
15 16
16 10
8 12
0 16
18 15
11 12
6 4
2 5
17 17
3 10
16 11
0 10
18 10
4 16
7 3
4 8
15 7
1 13
3 2
11 14
1 18
3 4
13 11
7 7
1 0
17 9
0 9
3 13
10 15
4 4
10 4
18 4
9 16
5 6
11 18
15 3
13 14
6 11
4 5
15 2
15 8
1 4
8 16
17 13
1 10
8 17
3 14
5 14
2 3
6 7
12 18
13 10
13 1
3 18
17 4
9 17
10 12
17 12
16 1
11 0
7 17
17 3
15 14
14 11
14 10
11 3
1 11
14 6
7 18
18 3
12 7
5 11
13 5
1 1
18 0
16 7
0 6
17 8
10 10
5 5
3 16
13 0
11 13
8 14
12 6
10 14
3 7
7 9
6 16
17 15
7 12
12 3
15 13
7 15
11 9
5 13
2 14
12 0
15 18
12 13
2 13
15 12
9 9
1 17
12 10
8 18
5 18
1 16
0 5
11 5
13 17
12 5
7 1
15 5
18 2
17 11
15 6
0 18
16 15
10 8
17 16
4 14
5 7
14 3
6 8
13 2
12 8
13 9
3 9
17 7
7 2
9 0
6 1
4 0
6 15
1 2
6 13
2 4
11 15
0 14
13 3
15 15
14 8
15 4
9 1
10 7
5 17
9 12
0 8
9 11
3 15
11 10
6 9
13 7
4 7
17 1
18 6
5 4
10 2
0 3
18 18
4 3
10 9
13 18
16 6
15 0
18 1
1 14
16 5
3 3
17 6
1 5
11 7
18 16
11 2
4 10
15 10
10 16
2 0
3 11
12 12
17 5
8 5
14 12
18 7
0 2
10 1
8 1
14 5
5 2
9 7
8 10
4 1
18 9
5 12
0 12
16 8
0 17
6 0
8 0
14 1
5 16
5 1
18 14
10 13
4 6
0 15
6 10
15 1
2 11
11 8
3 6
18 5
10 3
16 14
7 13
