20 22 538
0000000000000010001
0000000000000010001
0000000000000010000
0000000000000010000
0000000000000010000
0000000000000010000
0000000000000010000
0000000000000010000
0000000000000010000
0000000000000010000
0000000000000010000
0000000000000010000
0000000000000010000
0000000000000010000
0000000000000010000
0000000000000010000
0000000000000010000
0000000000000010000
0000000000000010000
0000000000000000000
00000000000000000000
00000000000000000000
00000000000000000000
00000000000000000000
00000000000000000000
00000000000000000000
00000000000000000000
00000000000000000000
00000000000000000000
00000000000000000000
00000000000000000111
00000000000000000000
00000000000000000000
00000000000000000000
00000000000000000000
00000000000000000000
00000000000000000000
00000000000000000000
00000000000000000000
8 2
4 4
0 19
0 7
11 4
12 18
17 6
11 10
0 3
14 12
1 13
7 9
3 15
11 9
15 0
10 8
19 8
17 13
0 16
12 5
14 19
9 6
