18 66 1764
00000000000001000
10000000000000000
10000000000000000
10000000000000000
00000000000000000
00000000000000000
00000000000000000
00000000000000000
00000000000000000
00000000010000010
00000000010000010
00000000010000010
00000000010000010
00000000010000010
00000000010000010
00000000010000000
00000000010000000
00000000000000000
111111111111101110
000000000000000000
000000000000000000
000000000000000111
111111100111111111
000000000000000000
000000000000000000
011111111111111111
000000000000000000
000000000000000000
000000000011100000
000000000000000000
000000000000000000
000000000000000000
000000000001111111
000000000000000000
000000001111111111
13 1
8 10
10 15
0 13
14 14
12 10
11 17
10 4
1 3
17 13
10 10
15 0
11 11
16 2
0 16
1 8
6 13
15 13
17 3
11 3
9 2
1 0
5 4
10 0
0 9
8 13
14 7
14 4
5 5
14 12
1 9
6 2
5 3
17 5
4 17
9 12
2 5
17 14
2 14
15 8
1 12
11 10
16 17
7 17
17 6
4 9
1 13
16 3
16 6
2 1
15 5
9 11
2 8
8 6
6 11
10 12
12 1
7 10
6 9
16 0
10 16
10 1
6 10
7 16
5 16
14 0
