18 66 2284
00100000000000000
00100000000000000
00100000000000100
00100000000000100
00100000000000100
00100000000000100
00100000000000100
00100000000000100
00100000000000100
00100000000000100
00100000000000100
00100000000000100
00000000000000100
00000000000000100
00000000000000100
00000000000000000
00000000000000000
00000000000000000
000000000000000000
000000000000000000
000000000000000000
000000000000000000
000000000000000000
000000000000000000
000000000000000000
000000000000000000
000000000000000000
000000000000000000
000000000000000000
000000000000000000
000000000000000000
000000000000111000
111111111111111000
000000000000000000
111111111111100000
11 17
9 5
5 15
8 17
3 1
8 2
13 13
10 9
8 8
11 15
10 1
16 7
15 15
8 15
7 5
8 7
13 3
5 11
5 12
12 0
9 10
3 8
12 1
15 7
2 5
17 11
9 6
9 17
7 12
3 5
15 5
0 14
3 16
4 17
10 4
12 13
4 14
9 4
4 11
3 0
2 7
9 15
15 11
3 12
16 17
6 12
4 15
12 14
11 9
5 14
1 14
6 1
7 15
14 0
17 8
0 6
1 3
15 16
0 2
17 13
0 0
6 7
5 6
1 8
11 2
1 6
