16 170 2630
000000001000000
000000001000000
000000001000000
000000001000000
000000001000000
000000001000000
000000000000000
010000000000000
010000000000000
010000000000000
010000000000000
000000000000000
000000000000000
000000000000000
000000001000000
000000001000000
0000000000000000
0000000000000000
0000000000001111
0000000000000000
0000000000000000
0000000001100000
0000000000000000
0000000000011111
0100000000000000
0000000000000000
1111111110000000
0000000000000011
0000000000001111
0000000000000000
0000000001111100
13 7
13 15
8 8
11 12
0 0
0 8
1 11
15 7
4 9
2 1
2 7
8 11
4 3
7 5
13 12
0 3
12 4
5 15
14 11
3 9
13 3
2 9
5 10
5 13
3 5
9 2
3 15
14 14
3 4
13 10
2 11
8 3
15 0
11 10
6 6
13 9
0 11
14 4
7 7
6 8
1 0
13 1
1 14
10 4
4 2
7 9
14 12
14 7
15 13
13 11
2 6
3 10
8 6
1 8
5 6
1 12
7 10
6 1
9 1
7 15
12 6
3 13
6 9
6 13
11 9
1 13
4 14
4 12
6 7
3 2
10 5
12 1
1 2
5 11
9 12
4 15
14 6
4 6
1 6
12 14
11 3
4 8
4 10
0 5
12 15
7 8
1 7
14 2
4 5
2 5
5 0
11 11
1 10
12 7
0 12
15 4
8 5
12 10
10 9
7 0
4 0
6 12
9 4
2 12
8 10
13 4
9 14
12 11
4 7
14 8
15 3
15 14
2 2
3 7
6 0
6 15
14 13
8 1
15 10
6 5
11 2
10 11
3 12
2 0
9 13
13 2
8 7
2 14
3 14
15 1
7 2
5 7
0 14
2 15
5 4
10 6
0 15
11 14
7 13
15 5
0 6
5 14
6 4
9 8
3 0
5 2
14 5
12 2
10 7
8 15
12 8
11 1
10 3
12 12
3 6
13 0
11 0
4 11
15 11
1 1
11 4
10 1
12 13
7 3
5 3
10 12
14 1
6 10
15 12
3 1
