15 180 2448
00000010000000
00000010000000
00000010000000
00000010000000
00000010000000
00000010000000
00000010000000
00000010000000
00000010000000
00000000000000
00000000000000
00000000000000
00000000000000
00000000000000
00000000000000
000000000000000
000000000000000
000000000000000
000000000000000
000000000000000
111100000000000
000000000000000
000000000000000
000000000000000
000000000000000
000000000000000
000000000000000
000000000000000
000000000000000
3 4
8 11
4 6
1 5
12 7
1 6
2 2
4 14
1 4
6 4
12 12
5 2
11 13
13 2
7 12
13 3
9 8
7 1
7 11
7 9
0 4
3 14
8 7
5 11
11 6
0 8
5 5
0 11
10 0
13 14
9 9
9 10
14 1
6 10
3 13
3 6
12 5
7 2
8 10
5 4
14 14
4 9
6 14
9 5
8 1
12 8
9 12
13 13
9 1
6 12
7 7
11 5
12 6
11 8
10 6
0 0
5 0
10 12
10 9
1 10
0 12
11 11
6 1
3 2
5 1
11 12
5 8
10 7
12 9
9 3
2 5
8 14
9 2
13 7
2 3
11 3
0 3
7 5
10 1
10 14
10 3
4 11
12 11
6 0
7 0
10 4
11 9
13 4
3 8
9 7
11 1
0 13
7 8
11 7
8 12
0 1
1 3
11 0
2 12
5 10
2 13
4 2
14 8
2 9
9 11
6 11
2 11
3 7
8 9
1 13
13 10
1 14
11 14
13 6
10 8
5 9
13 8
0 6
2 0
3 12
2 14
12 1
0 2
0 5
9 14
11 2
5 3
10 5
6 13
14 2
12 4
9 6
1 12
5 7
0 14
7 4
9 0
4 8
9 13
14 10
12 2
5 6
6 6
6 5
1 11
7 13
8 6
11 10
12 3
2 8
14 3
4 4
4 12
8 0
5 12
1 7
1 1
13 12
10 10
9 4
8 4
10 13
3 5
10 11
14 0
8 5
3 3
2 10
4 3
3 9
8 2
1 0
11 4
14 7
13 1
3 10
13 11
5 13
3 1
4 7
