19 110 1844
000000001000000000
000000001000000000
000000001000000000
000000001000000000
000000001000000000
000000001000000000
000000001000000000
010000001000000000
010000000000000000
010000000000000000
010000000000000000
000000000000000000
000000000000000000
000000010100000000
000000010100000000
000000010100000000
000000000100000000
000000000100000000
000000000100000000
0000000000000000000
1111111100000000000
0000000000000000000
0000000000000000000
0000000001111100000
0000000000000000000
1111110000000001111
0000000000000000000
0000000000000000000
0000000000000000000
0000000000000000001
0000000000000000000
1111111110000011111
0000000000000000000
0000000000000000000
0000000000000000000
0000000000000000000
0000000000000000000
6 3
7 15
1 15
13 6
1 16
3 2
11 16
4 3
8 18
8 10
17 1
17 16
11 3
10 2
16 16
17 18
4 10
8 7
2 18
10 14
4 13
0 16
3 12
6 0
10 18
13 5
15 3
9 10
8 3
14 17
12 5
6 1
13 12
9 15
12 18
7 7
1 18
6 10
10 3
7 0
5 11
18 2
10 7
9 7
3 3
7 18
9 8
17 15
0 6
15 14
12 9
0 11
16 1
3 0
2 9
9 4
16 17
7 12
17 6
1 8
15 10
13 7
4 0
4 16
7 1
2 13
15 1
10 9
16 6
14 1
18 9
17 0
16 13
15 6
9 11
5 12
13 17
3 9
10 10
11 9
4 4
10 0
18 17
6 14
17 4
11 2
0 15
2 0
9 5
8 15
14 4
5 0
12 8
2 14
7 8
14 6
7 13
3 14
16 4
10 8
14 5
14 18
15 9
16 12
9 9
5 15
11 17
13 18
6 11
12 16
