12 79 1837
00000000000
00000000000
00000010000
00000010000
00100010000
00100010100
00000010100
00000000000
00000000000
00000000000
00000000000
00000000000
111110000000
111111111000
000000000000
000000000000
000000011110
000111100000
110000000000
111111111100
000000001111
000000001111
000000000000
11 11
10 8
1 4
9 5
8 0
1 0
10 1
2 11
11 8
11 10
8 3
3 5
7 7
7 4
6 10
2 2
3 1
8 9
11 0
11 9
8 1
10 7
8 5
4 0
1 1
8 10
0 2
10 11
7 8
0 6
5 8
6 3
10 10
0 4
9 9
7 2
5 3
7 11
7 5
5 6
9 4
5 2
5 0
1 5
5 9
4 11
2 1
11 4
9 0
10 5
1 8
2 4
3 6
1 6
10 0
4 4
4 3
10 3
3 4
5 10
5 1
6 6
2 6
3 0
10 4
3 7
4 10
2 10
1 11
2 5
4 7
11 3
9 8
8 6
2 8
9 6
6 11
9 11
11 2
