14 101 2636
0100001000000
0010000000000
0010000000000
0010000100000
0010000100000
0010000100000
0010000100000
0010001100000
0010001100000
0010001100000
0010001100000
0010001100100
0010001100100
0010001100100
00000000000111
00000000000000
00000000000000
00000000000000
00000000000000
00100000000000
00011100000000
00001110000000
00000000000000
01100000000000
00000000000000
00000000000000
00000000000000
9 3
0 13
4 7
9 11
8 13
9 7
7 7
6 1
10 8
2 13
5 11
5 2
12 13
12 6
13 5
2 3
0 10
6 0
0 3
3 0
11 11
1 13
2 11
3 12
4 1
12 2
8 8
4 2
8 10
8 4
7 2
5 9
13 6
13 7
3 13
13 13
6 11
0 12
2 4
2 0
5 8
3 2
6 13
5 6
10 4
2 12
8 5
1 4
9 4
7 4
4 12
10 11
12 1
0 0
3 10
3 5
4 0
11 12
2 5
4 6
0 9
4 8
8 9
11 0
7 0
5 3
1 2
9 10
3 6
13 0
0 2
13 4
4 9
7 9
13 1
12 0
4 10
8 3
3 9
12 10
7 13
6 6
10 6
13 8
11 3
9 2
2 7
13 11
12 8
0 7
0 4
13 10
1 9
10 13
1 12
0 8
12 7
7 6
12 4
9 8
10 1
