15 144 4186
00000100001000
00000100001000
00000100001000
00000100001000
00000100001000
00000000001000
00000000000001
00000000000001
00000000001001
00000000101001
00000000000001
00001000000001
00000000000001
00000000000001
00000000000000
000000000000000
000000000000000
000000000000111
000000000000000
111100000000000
000000000001100
000000000000000
000000000000000
000000000000000
111111111111100
111000000011110
111111111000000
000000000000000
000001111111111
8 3
12 14
4 6
2 1
0 1
12 7
4 11
0 12
9 0
5 2
12 4
2 8
11 6
10 1
5 1
7 3
11 1
7 14
6 6
1 9
0 13
8 2
4 3
9 12
13 12
0 14
8 12
14 10
12 1
0 8
1 7
12 11
1 3
7 7
2 0
2 2
5 13
2 10
7 13
6 12
9 2
14 13
7 9
0 11
2 13
11 3
5 9
4 0
11 7
1 14
1 6
9 6
4 12
1 4
3 10
0 0
0 10
2 12
10 10
10 5
9 4
10 7
3 9
13 5
7 0
8 8
4 1
1 13
5 11
1 1
11 14
4 8
7 1
10 6
14 3
3 11
6 11
7 10
1 11
2 3
11 13
13 13
5 0
12 5
14 14
12 12
6 7
9 7
9 11
0 2
3 8
14 1
13 11
9 14
4 7
1 8
14 9
8 10
8 1
7 4
6 13
14 4
6 0
13 10
11 0
10 2
1 2
12 9
4 13
12 0
3 1
0 7
14 11
1 12
5 12
10 3
8 9
4 14
8 14
8 6
5 14
0 5
14 6
12 6
2 7
5 10
6 1
11 12
7 6
13 2
8 5
10 14
0 9
9 5
12 8
2 11
9 3
13 3
3 13
7 11
2 5
13 8
8 7
13 7
