17 217 12434
1000000100100101
1000001100100101
1000001100100101
1000001100100101
1000001100100101
1000001100100101
1000101100100101
1000101100101101
1000101100101101
1100101100001100
1100101100001100
1100101100001100
1100101100001000
1100101000001000
0100001000001000
0100001000001000
0100001000001000
00000000000000000
00000000000000000
00000000000000000
00000000000000000
00000000000000000
01111000000000000
00000000000000000
00000000100000000
00000000000000000
00000000110000000
00000000000000000
00000000000000000
00000000000000000
00000000000000001
00000000000000000
00000000000000000
2 9
13 16
8 4
10 7
14 7
9 3
14 15
11 12
16 8
15 11
5 12
8 13
5 5
1 12
13 3
2 2
14 10
9 0
9 7
11 8
15 10
0 12
2 4
14 4
5 2
12 8
6 4
7 5
7 12
16 11
3 8
6 5
11 14
5 8
9 8
3 16
6 10
1 16
13 12
12 11
9 11
15 5
7 7
4 11
14 0
1 10
9 14
1 5
3 4
4 3
5 11
0 9
12 10
15 4
8 8
16 0
11 2
15 1
8 0
12 3
11 13
4 4
16 1
16 12
16 16
5 4
3 5
0 13
16 9
7 10
2 8
0 4
1 8
6 2
1 4
3 10
5 0
13 5
0 3
5 14
12 7
5 9
16 15
11 4
1 11
2 6
0 7
1 14
10 0
1 2
15 0
14 3
7 0
11 7
4 0
4 7
1 1
12 12
10 4
0 1
13 13
1 15
3 6
8 10
13 10
8 14
6 8
6 13
4 1
3 14
16 2
10 3
3 13
10 11
8 12
12 4
14 14
5 15
4 9
16 5
3 15
10 15
12 5
7 15
4 5
15 16
6 0
15 7
8 1
6 7
7 13
3 9
15 8
12 13
2 14
5 16
0 2
14 13
3 0
10 14
15 13
14 8
12 14
6 16
7 3
8 15
11 16
11 9
2 0
11 5
10 8
2 1
5 10
8 3
13 4
14 1
13 14
4 12
14 16
9 6
8 9
10 13
2 15
6 3
0 16
10 6
10 12
13 6
0 15
4 10
4 16
9 5
1 6
3 3
13 0
13 9
13 11
7 2
16 13
2 7
8 2
15 2
9 12
3 7
6 9
10 1
0 10
9 15
5 6
9 2
11 6
6 1
8 6
11 15
12 2
0 0
10 16
8 11
7 14
3 11
1 7
12 9
12 16
3 1
2 5
9 16
6 12
3 12
5 3
16 3
11 11
13 1
14 11
16 4
9 13
13 8
9 4
