19 49 1046
010010010000000000
000010010000000000
000010010000000000
000010010000000000
000010010000000000
000010010000010000
000010010000010000
000010010000010000
000010000000010000
000010000000000000
000010000000010001
000010000000000000
000010000000000000
000010000000000000
000110000000000000
000110000000000000
000110000000000000
001110000000000100
001100000000000100
0000000011111110000
0000000011111100000
0000000000000000000
0000000011110000000
1100000011111111110
0000000000000001111
0000000000000000000
0000000000000000000
0000000000000000000
0000000000000000000
0000000000111111111
1000000000000000000
0000000000000000000
0000000000000000000
0000000000001111111
0000000000000000000
0000000000000000000
0000000000000000000
4 16
9 7
4 3
15 17
15 7
0 15
17 9
12 0
15 14
16 7
7 16
11 18
16 2
10 8
1 8
12 7
13 5
2 18
7 14
2 16
16 17
2 1
6 13
0 4
14 17
6 16
13 10
16 6
16 18
1 2
9 18
17 7
11 8
7 8
7 15
15 11
16 13
10 12
14 1
14 7
16 4
15 16
2 13
10 7
5 4
1 5
18 4
10 0
9 17
