16 170 4805
010000010010100
010000010010100
010000010010101
010000010010101
010000010010101
010000000010001
010000000010000
010000000010000
010000100000000
010000100000000
010000100000000
010000100000000
010000110010000
000000110010000
000000110010000
000000110010000
0011110000000000
0000000000000000
0000000000000000
0000000000000000
0000000000000000
0010000000000011
0000000000000000
0000000000000000
0000001011111111
0000000000000000
0000000000000000
0011000000000000
0000000000000000
0000000000000000
0000000000000000
0 1
8 4
3 3
5 5
3 13
1 11
7 1
13 13
13 5
3 7
10 5
6 6
9 15
11 12
8 0
3 11
7 9
13 4
9 12
3 1
7 8
13 12
1 4
10 10
4 2
7 4
11 5
0 5
15 9
14 6
7 11
12 4
2 6
6 1
4 15
1 14
4 13
15 15
2 5
6 3
13 8
15 13
10 11
10 1
8 7
9 14
12 10
10 15
7 6
12 15
15 11
4 3
13 10
5 11
8 3
5 10
14 10
5 8
8 15
10 14
3 9
14 3
5 14
12 2
3 0
0 11
7 15
1 1
11 11
1 15
9 9
13 15
1 0
8 14
2 9
10 13
7 5
0 6
11 9
7 14
6 10
2 0
14 8
12 5
11 0
12 8
12 0
15 14
1 12
2 4
5 4
10 8
11 6
7 3
11 8
2 3
3 14
8 13
4 7
7 2
8 2
14 2
5 7
11 15
2 10
7 7
13 9
12 3
14 5
4 9
11 1
0 9
3 5
12 13
5 3
6 4
3 10
7 0
13 6
12 1
0 15
2 2
7 10
12 12
0 7
13 11
12 14
10 3
6 9
11 4
6 13
15 2
8 10
2 12
5 1
4 0
9 7
5 6
3 8
4 8
3 12
4 4
15 10
10 7
2 14
14 7
10 9
5 13
10 2
5 2
11 13
7 12
13 2
6 12
9 8
8 12
6 7
2 13
1 9
0 0
2 15
14 4
6 0
10 0
6 5
9 5
14 14
0 4
4 11
2 11
