17 215 4672
0000000000000100
0010000000000100
0010000000000100
0010000000000000
0010000000000000
0010000000000000
0010000000000000
0000000000000000
0000000000000000
0000000000000000
0000000000000000
0000000000000000
0000000000000000
0000000000000000
0000000000000001
0000000000000001
0010000000000000
11111111111110000
00000000000000000
00001111111111000
00000000000000000
00000000000000000
00000000000000000
00000000000000000
00000000000000111
00000000000001111
00000000000000000
00000000000111111
00000000000000000
00111111111111111
00000000011111110
00000001111111111
00000000000000000
7 13
11 5
1 13
0 16
10 5
6 0
11 15
13 7
7 9
9 6
14 13
4 5
12 0
3 9
16 3
13 15
3 6
13 14
3 4
6 7
4 3
2 14
16 16
0 12
10 7
9 14
7 10
8 16
5 5
11 12
13 13
15 16
11 4
4 6
1 4
13 2
7 15
15 11
4 11
2 7
11 9
1 7
0 15
0 1
5 3
14 2
5 7
14 15
11 13
12 8
15 14
11 16
15 10
4 13
1 0
0 6
0 5
6 15
8 12
7 2
1 1
10 15
2 5
8 10
15 12
15 7
0 4
11 7
3 15
11 2
12 16
12 1
8 5
4 9
8 8
5 4
3 3
1 5
3 14
10 16
15 5
5 16
10 6
10 12
16 11
16 14
8 3
16 8
7 8
6 14
15 15
14 16
4 8
4 7
3 1
1 3
10 9
1 8
6 4
14 0
12 2
14 12
14 6
9 13
7 4
5 0
2 13
16 7
5 12
0 3
12 5
1 9
12 7
14 8
5 6
9 5
9 1
7 1
4 1
6 2
13 9
7 0
12 14
0 10
0 0
1 16
8 6
8 0
9 10
6 1
9 16
13 3
15 8
11 6
15 13
12 15
4 15
3 0
13 6
5 14
6 13
2 3
8 4
9 8
5 8
11 14
8 13
12 13
16 4
13 5
0 13
14 1
8 9
2 6
10 10
10 3
8 14
15 0
7 7
11 8
2 2
3 16
5 2
10 11
7 5
12 3
13 10
15 6
4 2
2 8
2 12
12 10
5 11
2 4
16 15
6 5
9 9
6 3
3 13
6 11
6 10
1 15
2 10
4 4
2 15
8 1
13 4
16 1
11 1
3 7
9 11
0 7
9 0
4 16
8 11
4 14
10 13
1 14
16 12
14 4
3 11
10 14
3 12
2 11
2 16
11 0
9 4
4 12
16 5
1 6
5 15
6 12
1 10
16 9
6 8
