16 221 3454
101000000000001
101000000000001
101000000000001
101000000000001
101000000000001
101000000000001
101000000000001
101000000000000
101000000000000
101000000000000
101000000000000
001000000000000
000000000000000
000000000000000
000000000000000
000000000000000
0000000000000000
0000000000000000
0000000000000000
0000000000000000
0000000000000000
0000000000000000
0000000000000000
0000000000000000
0000000000000000
0000000000000000
0000000000000000
0000000000000000
0000000000011111
0000000000000000
0000000000000000
13 0
3 15
6 12
8 3
3 3
4 2
3 13
0 13
0 5
7 13
14 4
15 9
4 0
3 11
5 5
14 0
0 6
6 15
5 6
8 0
7 15
1 8
14 5
6 5
14 3
11 11
4 3
5 8
10 7
15 6
4 4
2 9
13 14
1 14
11 5
5 7
13 6
2 8
7 4
15 11
11 2
14 6
12 10
12 7
9 9
12 4
11 12
13 7
15 13
7 5
6 14
9 1
3 6
4 11
1 3
15 1
7 0
15 5
6 3
8 2
5 13
6 7
11 13
6 9
13 4
13 3
3 2
6 2
7 9
12 2
13 9
2 11
13 1
8 7
1 1
5 2
8 4
12 8
8 12
12 5
5 15
11 4
12 1
14 7
8 6
12 12
2 5
3 8
9 14
8 1
3 12
2 13
1 2
14 2
3 7
6 13
10 1
9 3
13 11
0 1
5 4
12 9
15 7
11 1
8 13
10 14
5 9
10 0
0 8
9 12
8 9
8 11
4 5
1 4
0 0
4 13
9 11
0 12
0 11
2 3
4 1
7 7
8 15
5 1
12 15
7 8
10 5
10 12
7 14
9 7
7 10
12 11
10 15
9 13
10 9
1 6
0 15
6 6
5 0
3 5
14 10
10 11
3 9
15 4
2 12
2 10
15 3
7 6
0 14
11 14
13 10
7 11
0 7
11 3
11 0
12 6
8 5
1 15
6 8
9 0
0 4
9 10
3 0
1 0
2 15
9 4
3 1
15 8
14 13
11 6
2 1
15 2
4 12
1 7
2 0
4 14
10 6
10 8
11 10
0 10
10 10
2 4
11 7
12 14
14 9
1 5
13 15
5 10
14 1
5 11
7 2
3 4
7 3
12 0
6 11
13 8
11 15
3 10
12 13
4 9
1 9
2 7
2 14
1 11
4 15
15 14
5 12
15 10
6 0
4 10
14 14
12 3
11 8
9 8
5 14
2 2
13 12
14 15
4 7
14 8
0 9
