19 79 3661
000000000011000000
000000000011000000
000000000011000000
000000000011000000
000000000011000000
000000000010000000
000000000010000000
000000000000001000
000000000000001000
000000000000001000
110000000000000000
110000000000000000
100000000000000000
100000000000000000
100000000000000000
100000000000000000
100000000000000000
100000000000000000
000000000000000000
0000000000000000000
0000000000000000000
0000000000000000000
0000000000001111100
0000000000000000000
0000000000000000000
0000000000000000000
0000000000000000000
0000000000000000000
1111111111111111000
0000000000000000000
0000000000000000000
0000000000000000000
0000000000000000000
0000011111111111111
0000000000000000000
0100000000000000000
0000000000000000000
2 4
17 13
14 18
8 5
9 7
2 6
7 7
1 15
11 9
12 0
9 2
12 17
15 6
8 16
2 15
11 5
6 15
8 14
12 4
2 7
2 8
18 18
16 0
18 16
2 0
18 2
2 10
17 17
18 7
14 0
8 8
3 18
4 1
4 15
8 12
17 10
16 2
15 5
2 3
14 16
15 9
17 11
16 8
16 18
15 2
7 16
1 14
5 16
15 7
1 13
1 8
11 0
16 16
13 11
9 0
14 9
5 4
5 7
18 17
1 3
5 11
17 15
11 16
3 13
0 4
0 15
10 7
10 8
6 17
8 3
18 0
1 1
0 10
10 16
9 3
17 2
7 14
12 5
12 2
