15 120 2632
10000000000101
10010000000101
10010000000101
10010000000001
10010000000001
10010000000001
10010000000001
00000000000000
00010000000000
00010000000000
00010000000000
00000000000000
01000000000000
01000000000000
00000000000000
000000000111000
000000000000000
000000000000000
000000000000000
000000000000000
000000000000000
000111111111110
000011111111111
110000000000000
000000000000000
000000000000111
111111111111000
000000000000000
000000000001111
12 8
12 12
2 0
7 2
6 2
2 2
14 14
3 9
10 3
10 10
2 4
5 3
1 4
4 14
7 4
9 10
13 11
0 8
4 10
9 2
11 11
3 7
9 12
12 1
6 11
1 14
14 5
13 1
7 5
5 9
11 7
14 2
11 6
13 12
8 3
13 7
14 10
11 1
0 13
13 3
10 6
1 9
9 3
1 5
0 11
0 14
1 2
6 1
14 7
0 7
9 8
11 8
8 13
14 13
11 14
4 7
5 4
4 9
1 0
11 13
5 11
3 13
2 3
4 3
0 4
13 8
9 6
11 4
9 7
7 12
0 9
6 6
0 12
5 10
13 6
9 11
14 1
0 10
10 5
0 2
8 11
4 6
12 6
12 14
2 7
0 3
1 11
8 4
8 1
7 7
10 4
12 7
10 9
1 3
10 7
3 14
7 13
12 5
11 5
5 2
9 1
9 13
14 0
4 13
8 9
2 14
0 0
3 8
7 0
7 6
1 13
6 7
2 6
7 8
8 8
13 0
12 0
7 1
5 8
1 10
