20 92 3460
0000000000000000000
0000000000000000000
1000000000000000000
1000000000000000000
1000000000000000000
1000000000000000000
1000000000000000000
1000000000000000000
1000000000000000000
1000000000000000000
1000000000000000010
1000000000000000010
1000000000000000000
0000000000000000000
0000000000000000000
0000000000100000000
0000000000100000000
0000000000000000000
0000000000000000000
0000000000000000000
00000000000000000000
11111111111110000000
00000000000000000000
00000111111111111111
00000000000000000000
00000000000000000000
00000000000000000000
00000000000000000000
00000000000000000000
01111111111111111110
00000000000000000000
00000000000000000000
00000000000000000000
00000000000000000000
11111111111111100000
11111110000001111111
00000000000000000000
00000000000000000000
00000000000000000000
9 16
0 6
11 5
12 17
5 7
15 16
12 4
1 1
0 11
12 6
2 9
7 7
17 11
16 3
11 2
8 3
13 3
8 19
7 14
13 2
3 2
4 17
0 8
9 7
11 0
15 18
10 4
12 7
8 4
11 3
5 8
5 18
18 14
1 17
2 8
18 2
17 16
14 15
10 18
2 6
19 15
12 15
11 16
6 1
0 18
19 18
19 4
7 4
15 8
18 18
17 9
9 13
8 6
18 13
10 5
5 15
9 6
8 5
12 10
1 15
8 18
12 19
1 5
10 9
6 19
15 1
0 10
13 12
19 16
17 17
19 1
19 5
5 13
13 15
16 18
5 2
16 15
3 8
15 6
17 1
6 3
10 15
11 13
4 1
13 14
5 12
17 14
11 8
3 3
3 5
2 14
5 5
