19 213 4937
000001000000000000
000001000000000000
000001000000000000
000000000000000000
000000000000000000
000000000000000000
000000000000000000
000000000000000000
000000000000000000
000000000000000000
000000000000000000
000000000000000000
000000000000000000
000000001000000000
000000001000000000
000000001000000000
010000001000000000
010000001000000000
010000001000000000
0000000000000000000
0000000000000000000
0000000000000000000
0000000000000000000
0000000000000000000
0000000000000000000
0000000000000000000
0000000000000000001
0000000000000000000
0000000000000000000
0000000000000000000
0000000000000000000
0000000000000000000
0000000000000000000
0000000000000000000
0000000000000000000
0000000000000000000
0000000000000000000
11 12
6 1
10 15
6 0
4 13
1 0
2 13
17 7
0 17
3 0
10 9
10 11
16 3
15 16
5 3
7 3
13 13
3 8
8 4
5 17
17 5
8 14
4 6
15 15
12 8
9 5
12 5
4 15
13 3
9 16
4 10
8 17
7 13
6 3
2 1
17 3
14 7
11 10
7 5
18 15
16 17
15 4
13 7
18 5
10 1
9 15
5 10
14 8
5 12
5 5
12 17
14 17
1 14
12 10
1 16
13 8
8 5
13 0
7 8
7 10
6 2
14 12
18 3
11 17
2 6
13 9
18 12
9 18
7 2
18 6
8 18
17 2
10 10
7 18
2 11
11 7
2 7
12 11
4 18
4 16
8 2
18 13
10 7
8 11
2 17
18 18
9 17
4 9
15 8
15 13
18 2
4 7
3 7
13 4
6 15
15 3
7 16
6 12
9 3
4 0
2 2
7 11
14 3
17 18
13 11
8 0
1 10
5 15
11 9
14 0
3 10
3 18
14 5
13 6
8 6
9 9
3 2
1 15
0 7
4 12
7 7
0 9
2 18
0 15
11 0
17 16
10 14
12 0
4 11
5 6
16 5
12 14
11 8
9 2
9 8
15 5
17 6
3 9
9 13
7 12
15 11
0 8
17 0
11 16
9 14
8 15
12 16
12 9
13 14
15 0
16 10
15 9
15 18
3 3
9 6
10 12
1 1
17 12
16 11
2 0
6 8
12 7
1 8
6 17
13 18
8 7
11 15
8 10
14 16
11 14
2 9
12 13
5 11
3 11
13 10
10 17
14 11
17 1
6 6
14 9
13 17
8 12
4 3
14 13
16 2
17 9
9 4
7 14
1 12
11 3
13 15
11 4
5 7
2 8
6 9
0 13
11 2
1 11
9 1
14 2
6 11
12 3
5 0
2 4
0 14
12 6
8 1
1 6
6 18
12 2
2 14
16 16
18 8
