17 173 2070
0000000000000000
0000000000000000
0000000000000000
0000000000000000
0000000000000000
0000000000000000
0000000000000000
0000000000000000
0000000000000000
0000000000000000
0000000000000000
0000000000000000
0000000000000000
0000000000000000
0000000000000000
0000000000000000
0000000000000000
00000000000000000
00000000000000000
00000000000000000
00000000000000000
00000000000000000
00000000000000000
00000000000000000
00000000000000000
00000000000000000
00000000000000000
00000000000000000
00000000000000000
00000000000000000
00000000000000000
00000000000000000
00000000000000000
6 9
1 11
0 4
14 14
6 16
6 3
15 4
5 8
12 5
5 2
12 8
1 0
1 4
5 14
9 10
2 15
6 13
12 12
11 3
6 8
10 3
1 9
12 11
4 7
9 1
6 4
12 3
0 0
9 16
11 16
10 7
2 5
15 9
12 1
15 8
16 8
3 9
0 10
8 12
16 1
12 10
13 8
11 9
12 7
2 7
6 5
12 6
1 7
4 9
7 10
11 14
16 12
3 12
11 5
0 14
6 12
9 7
13 7
11 11
13 4
7 5
15 7
2 6
15 15
10 6
11 7
8 6
9 3
11 13
1 16
14 2
4 11
5 10
8 4
16 11
10 10
3 6
14 13
6 14
10 9
2 0
6 1
4 5
12 4
1 8
0 8
4 2
13 14
0 2
4 0
16 9
8 11
3 7
3 10
13 6
4 1
11 0
8 7
5 7
0 1
5 5
15 16
7 16
1 12
15 14
15 0
14 5
15 2
16 2
14 6
11 1
16 13
12 2
0 11
13 12
14 15
3 2
8 3
11 8
6 0
2 2
9 6
5 9
1 3
3 8
8 13
10 16
11 6
11 4
4 15
6 10
13 9
14 11
8 2
5 4
7 4
0 15
10 2
0 7
4 12
10 1
7 0
4 13
10 13
15 3
15 1
6 11
9 12
16 16
3 0
11 12
13 15
4 16
11 10
13 11
2 10
5 15
2 12
1 15
16 3
1 5
2 9
6 7
6 15
3 3
13 16
3 14
16 4
8 10
2 4
2 8
15 5
9 11
