17 31 916
0000000010000000
0000000010000000
0000000010000000
0000000010000000
0000000010000000
0000000010000000
0000000000010000
0000000000010000
0000000000010000
0000001000000000
0000001000000000
0000001000000000
0000000000000000
0000000100000000
0000000100000000
0000000100000000
0000000100000000
00000000000000000
00000000011111000
00000000000000000
00000000000000000
11111110000000000
11111100000111111
00000000000000000
00000000000000000
00000000000000000
00000000000000000
00000000000000000
00011111111111111
00000000000000000
11111100000000000
00000000000000000
00000000000000000
8 5
15 8
3 5
16 9
1 10
6 13
9 10
6 16
13 8
15 3
7 9
2 1
12 9
0 6
7 3
0 4
10 8
1 13
8 0
4 0
5 15
9 15
5 6
3 1
16 0
2 6
6 6
1 14
14 5
9 2
5 9
