14 172 4497
0000000000010
0000000000010
0000000000010
1000000000010
1000000000010
1000000000010
1000000001010
1000000001010
0000000001010
0000000001010
0000000001010
0000000011010
0000000011010
0000000011000
00000000000000
00000000000000
11111111100000
00000000000000
00000000000000
00000000000000
00000000000000
00000000000001
11111110000000
00000000000000
00000000000000
00011111100000
11111000000000
6 9
6 13
6 5
4 5
10 13
10 1
1 12
2 2
12 13
6 11
5 9
4 9
4 11
12 6
3 12
8 3
11 10
12 10
2 10
10 8
11 12
7 0
1 11
10 9
1 1
11 6
2 12
6 7
11 13
0 5
2 13
0 11
7 5
12 12
11 5
7 6
5 4
4 0
8 5
7 2
2 1
4 10
7 13
11 1
5 5
8 13
11 2
2 3
2 4
13 13
11 7
9 0
13 2
3 0
1 6
0 13
5 11
1 0
6 12
12 2
11 3
3 10
8 12
7 12
9 2
9 13
5 2
8 11
12 11
6 8
4 2
4 7
13 1
13 12
3 5
13 0
13 6
10 11
4 1
5 13
13 9
7 7
3 7
3 13
8 4
1 3
12 1
1 13
1 2
5 12
2 5
7 9
0 2
7 4
0 0
10 2
0 12
13 10
8 9
4 3
10 0
2 11
0 10
10 5
11 4
9 1
5 10
12 3
6 3
9 9
11 9
9 5
4 6
3 11
7 10
13 4
2 9
10 12
12 0
11 11
7 3
9 7
0 6
0 3
3 8
9 11
9 12
7 8
3 6
6 2
0 8
5 6
1 5
13 3
3 1
10 10
8 0
4 13
9 8
7 11
13 11
9 4
1 8
8 6
12 9
4 12
8 1
4 8
8 7
11 8
0 1
1 4
12 8
1 7
4 4
13 7
6 0
10 7
1 9
9 3
5 7
6 1
6 4
7 1
6 10
3 9
5 1
5 8
1 10
3 4
12 7
11 0
