20 62 1162
0010000000000000000
0010000000000000000
0010000000000000000
0010000000000000000
0010000000000000100
0000000000000000100
0000000000000000100
0000000000000000100
0100000000000000100
0100000000000000100
0100000000000000100
0100000100000000100
0100000100000100010
0100000100000100010
0100000100000100010
0100000100000000010
0100000100000000010
0100000100000000010
0100000100000000000
0100000100000000000
00000000000011111111
00000000000000000000
00000000000000000000
00000000000000000000
00000000000000000000
00000000000000000000
00000000000000000000
00000000000000000000
00000000000000000000
00000000000000000000
00000000000000000000
00000000000001111111
00000000000000000000
00000000000000000000
00000000000000000000
00000000000000000000
00000000000000000000
00000000000000000000
00000000000000000000
4 17
12 13
3 17
14 4
12 6
15 2
18 9
7 3
5 12
5 9
11 14
5 3
10 19
4 5
15 17
5 0
19 14
6 14
1 2
1 19
15 12
19 17
6 17
11 0
2 13
1 16
11 11
12 7
1 15
4 0
2 18
4 14
0 10
8 8
3 19
11 9
16 9
8 1
13 6
9 4
4 12
18 1
16 13
6 3
0 12
14 5
1 11
2 6
2 11
18 19
15 15
15 6
0 1
4 8
8 12
15 3
9 10
2 0
14 11
3 16
9 3
15 5
