16 117 1361
000000000000000
000000000000000
000000000000000
000000000000000
000000000000000
000000000000000
000000000000000
000000000000000
000000000000000
000000000000000
000000000000000
000000000000000
000000000000000
000000000000000
000000000000000
000000000000000
0000000000000000
0000000000000000
0000000000000000
0000000000000000
0000000000000000
0000000000000000
0000000000000000
0000000000000000
0000000000000000
0000000000000000
0000000000000000
0000000000000000
0000000000000000
0000000000000000
0000000000000000
4 9
11 6
7 5
6 14
3 13
1 1
14 11
5 9
0 1
5 3
14 14
11 13
11 11
10 10
7 4
1 8
4 2
6 15
4 12
13 14
15 5
4 4
15 13
6 6
9 3
11 14
5 8
15 3
8 12
8 6
3 7
9 4
0 0
12 1
8 14
6 3
12 6
3 9
6 13
10 1
14 1
10 8
7 7
0 4
4 5
1 15
8 9
0 7
5 1
0 10
7 14
9 10
4 10
1 12
13 9
3 1
13 15
9 1
5 6
14 7
12 3
3 11
8 8
0 14
0 3
2 5
8 4
12 0
4 15
5 2
8 7
8 3
1 13
14 2
15 9
5 7
15 4
1 9
1 10
12 14
7 2
12 15
15 12
7 0
11 7
13 2
11 1
6 9
15 8
1 3
2 12
9 0
9 6
3 4
11 2
3 6
9 13
0 5
4 1
2 10
9 8
5 12
6 2
8 10
13 4
9 15
0 12
6 5
10 15
7 8
5 11
1 5
10 4
14 0
6 7
3 8
2 0
