12 121 1468
00000000000
00000000000
00000000000
00000000000
00000000000
00000000000
00000000000
00000000010
00000000010
00000000010
00000000010
00000000010
000000000000
000000000000
000000000000
000000000000
000000000000
000000000000
000000000000
000000000000
000000000100
000000000000
000000000000
7 4
2 1
2 0
9 11
7 10
10 11
7 0
0 3
3 2
3 1
11 3
5 2
7 3
10 1
2 2
4 7
6 7
4 4
0 4
3 6
0 11
11 4
2 6
9 6
6 6
0 9
10 6
8 5
1 11
10 10
5 10
0 1
9 8
5 11
7 2
11 8
0 5
7 9
7 6
4 9
4 3
10 5
0 10
9 4
3 3
0 7
4 0
8 6
0 0
11 2
5 1
11 5
4 11
3 9
3 4
8 7
1 10
1 8
11 1
6 0
2 7
6 10
1 7
6 5
9 1
5 8
11 7
6 1
4 2
10 2
8 8
7 1
9 3
0 8
9 2
9 7
8 2
8 9
10 4
6 4
5 9
4 5
6 8
5 6
8 3
10 3
0 6
2 3
3 0
1 1
3 11
4 1
2 9
9 0
8 10
7 7
5 4
1 3
10 0
8 1
1 5
8 11
11 0
6 2
1 9
4 6
1 0
10 9
1 4
3 5
9 5
7 5
11 9
7 11
2 10
3 8
8 4
6 9
9 9
2 8
6 11
